0 -112.16486246920235
1 -109.57867396598155
2 -114.612847469171
3 -103.12505545547248
4 -113.92695829878794
5 -109.11934557117972
6 -131.51362856979685
7 -115.2179423995536
8 -107.08177794410258
9 -112.22356630031686
10 -113.04810378179204
11 -111.89061317589173
12 -115.10733568883944
13 -107.23860912265769
14 -107.61486374917222
15 -109.92681702905288
16 -111.71639134242508
17 -108.17573240501666
18 -111.9795061649767
19 -112.50183881826688
20 -109.63341407283237
21 -110.09443496001396
22 -112.18901920219464
23 -113.3361500510485
24 -114.65625882581276
25 -113.22385056886651
26 -108.11132018890842
27 -108.52652321065915
28 -106.18565350233143
29 -101.81135876129491
30 -104.91599322055745
31 -111.71062156078018
32 -111.20278469237103
33 -104.26364330460612
34 -113.45370207452541
35 -115.21864665559724
36 -108.8818080163713
37 -103.9266259161383
38 -105.21830114858491
39 -111.21585840261028
40 -102.57415331436368
41 -105.52442259617695
42 -105.57655020744494
43 -113.79154316457112
44 -106.92576908521372
45 -105.31499097110222
46 -108.04632550258482
47 -104.68689018501078
48 -107.8903493580545
49 -106.39143493032952
50 -110.06806310380351
51 -114.02390261482836
52 -107.77744079687926
53 -107.46293887508676
54 -109.69925634097945
55 -109.42728363667848
56 -106.98165059990886
57 -103.08471326979141
58 -107.90932096215991
59 -104.07028472315659
60 -107.31799025946111
61 -109.98213225533355
62 -109.5795282351651
63 -104.7336077819759
64 -105.53617182928926
65 -105.95808994825558
66 -112.47785971358914
67 -106.65465769393774
68 -108.8978505985023
69 -105.656207056118
70 -105.21668823566304
71 -113.51767567791944
72 -114.15783892609598
73 -106.95821535055404
74 -106.4761091200717
75 -107.44571759293524
76 -109.82758978671473
77 -104.16715414484575
78 -103.64949398152095
79 -110.43526608438495
80 -103.02159882700978
81 -101.65647729000837
82 -105.70546442944944
83 -108.09289381145236
84 -101.99963231962951
85 -102.50117884203279
86 -107.8683716736571
87 -96.19788981914459
88 -97.05067692692283
89 -91.30352379895484
90 -99.55594874331494
91 -105.11826789523343
92 -92.72555649953134
93 -95.4404605328869
94 -99.59228753397956
95 -102.89875979946926
96 -104.77477719070468
97 -98.09582523245318
98 -98.65302913758951
99 -95.11975105114733
100 -94.8465189695464
101 -102.25989463977936
102 -88.77037343677367
103 -109.30056198957702
104 -92.60250342829804
105 -89.05683558236234
106 -97.67610089788678
107 -96.9881977076802
108 -91.39831748947066
109 -82.84373512996362
110 -83.98750455098693
111 -96.79640544455717
112 -87.4282415890433
113 -89.6271552788069
114 -89.00155727358924
115 -93.31633609476981
116 -100.03846112108666
117 -91.3641664321899
118 -87.25809755563985
119 -80.97790693529386
120 -87.0356493533603
121 -90.10357745021861
122 -102.99531765932774
123 -92.19150816335653
124 -104.13925921906547
125 -82.9480999946706
126 -108.19809988965201
127 -93.26146138175717
128 -95.94618349291292
129 -94.01429022764182
130 -93.10552405358541
131 -82.09631421382136
132 -92.70881833141172
133 -84.67387433003945
134 -98.70785686369985
135 -79.15874491139346
136 -103.95652161970486
137 -88.77996645802773
138 -90.27609371401789
139 -76.29629742335932
140 -85.13811003211963
141 -92.23004839167713
142 -76.84428802186204
143 -83.55899905985376
144 -88.17734026807625
145 -98.08517731369022
146 -124.53263482961867
147 -79.3409082866103
148 -83.82554007279921
149 -107.63137362771775
150 -85.63561171804896
151 -98.67921050014611
152 -84.98219527819472
153 -93.62429250141513
154 -94.98307330770419
155 -109.51669643952557
156 -99.3146355193962
157 -82.33843669776726
158 -95.49861493564055
159 -79.38970402711762
160 -105.28437632466077
161 -97.54844750461223
162 -87.94061505781626
163 -79.45413486554769
164 -90.29442585144551
165 -101.6334908626137
166 -76.7253502375839
167 -97.36406650041711
168 -89.6539592050595
169 -97.461088316697
170 -76.70449548010154
171 -83.14225939812434
172 -74.10780887848092
173 -81.20261568094185
174 -79.18352641091317
175 -76.66385764366777
176 -69.33903608728727
177 -80.76118009022947
178 -73.75271898591502
179 -83.16659243260573
180 -68.1057367413685
181 -99.67132096094196
182 -87.09731073049161
183 -82.5357802568671
184 -90.68977313274729
185 -71.82060468495357
186 -72.4327189764632
187 -71.76384252733924
188 -73.3232523674341
189 -94.70463552433984
190 -103.90324911262529
191 -75.15251869663814
192 -81.2934771091789
193 -82.81366622594487
194 -90.99123364117091
195 -90.301110153345
196 -80.01203555297728
197 -83.83306789797228
198 -78.87266853446452
199 -65.45031868732804
200 -91.02672648979615
201 -95.05035384241313
202 -68.56981230139095
203 -102.76115270740102
204 -67.88512801214121
205 -69.3245083793383
206 -81.25743240422182
207 -75.56389531109792
208 -63.66362864399531
209 -75.89580826826868
210 -66.07664576959658
211 -92.47756233356428
212 -91.78249071431439
213 -75.94197627690474
214 -76.51964610184311
215 -90.00142733691789
216 -70.6737518756239
217 -59.88353549560361
218 -59.12580692169924
219 -72.01712366074781
220 -68.45619007806589
221 -70.0383088065229
222 -70.30243405885514
223 -55.91703933355926
224 -58.27078809556025
225 -67.93301329068359
226 -59.115650992173244
227 -57.68392815356702
228 -66.07619007188019
229 -51.500813209271996
230 -63.89150111926425
231 -70.10038503272196
232 -81.74880307657294
233 -58.179518923011756
234 -54.31354944951926
235 -101.3327965496985
236 -56.60636852554092
237 -54.06898370846734
238 -50.43624524666927
239 -49.25174475221972
240 -49.961108295636876
241 -50.43435472329985
242 -42.486527628871144
243 -52.202647702377874
244 -46.88326902302712
245 -36.66142770337709
246 -38.97937567344525
247 -66.21341879466037
248 -62.85067727161757
249 -44.32867984717386
250 -36.96858170609239
251 -47.994095376577384
252 -63.349926213833356
253 -47.8260928435914
254 -32.792204579097685
255 -39.05008312497257
256 -37.17542046760954
257 -49.98461440659067
258 -58.96140996363961
259 -34.878634604744775
260 -47.07242205563405
261 -31.05959416061143
262 -52.598733940537876
263 -46.20732522854814
264 -31.056018836774086
265 -31.14829294977803
266 -76.70660497209465
267 -28.297693968802847
268 -49.70877334893402
269 -50.091303462595874
270 -21.16920138962444
271 -74.78599761843387
272 -31.35596804320471
273 -50.16539971035672
274 -25.41880019513705
275 -27.060922190176484
276 -27.764269496450204
277 -22.13017409638114
278 -25.77972635313435
279 -62.517265308242294
280 -30.30898633840448
281 -21.90733743931074
282 -39.88442675151165
283 -43.85649211112628
284 -23.690807482171497
285 -19.91323535593072
286 -67.12022291148284
287 -17.17930837416122
288 -15.12605679247591
289 -41.272694891848296
290 -61.96042081683269
291 -87.24528863868645
292 -35.84580025041787
293 -61.9715656331939
294 -35.37844252673456
295 -60.22038687843642
296 -19.766793379901763
297 -37.56457317326991
298 -15.54780583235242
299 -66.26112222124947
300 -11.719530153974585
301 -32.61749332463152
302 -40.87590112220713
303 -31.30374692192425
304 -4.9986764802985615
305 -16.79429143008404
306 -9.17059562994261
307 -14.53053134186831
308 -39.27967059834194
309 -5.951225277030535
310 -35.68356280056868
311 -10.637275532807845
312 -6.262029568906918
313 -63.868064074131816
314 -5.321777164174946
315 0.6077409304217372
316 3.7800454028026786
317 2.4540645586018557
318 -27.46023486213045
319 6.296238762688812
320 -36.034839368828415
321 -34.05090434783481
322 -60.02646670081931
323 -2.8839372934857392
324 -9.803715696201204
325 -23.317075752933526
326 -26.094823883423814
327 1.9157443475791518
328 -35.1675247040582
329 -31.509438189147666
330 -63.15601461646707
331 -59.34656790939641
332 -1.2924320721059752
333 -54.388985240673186
334 -8.838726137581443
335 -55.231269476063545
336 -37.20787908911504
337 5.4962637916013195
338 -55.465014780965326
339 -35.73941084956642
340 -0.5509104840812951
341 -21.267937839719323
342 0.5799793248213814
343 -3.137862833900069
344 -31.823393762888553
345 3.0020026829295468
346 -60.45068678038319
347 0.4835415493712446
348 -8.585026121915634
349 -50.02745217580923
350 -52.88038963297274
351 -29.4126067441185
352 5.685977212511077
353 2.416491538042192
354 3.1047862963041526
355 -25.966872173926333
356 -58.440454244170034
357 -50.58246474654258
358 -27.33216417938052
359 16.220618748098147
360 -16.49240366559973
361 -42.368598181636244
362 -41.80085814753548
363 -47.64600238114379
364 13.256809690099207
365 -19.39088731872058
366 -56.475947790882245
367 -8.802390972784423
368 -72.41850133786413
369 -56.227789814332496
370 11.403381207108486
371 -52.381864992151364
372 -77.15015994599975
373 -83.43347260701486
374 20.048341258504884
375 -54.55323851588836
376 -77.45651571359565
377 -15.952190861422421
378 -46.499185435271656
379 -48.17769487854747
380 -5.379194583737766
381 -14.707443924796616
382 -10.200022150847133
383 -47.25904790998406
384 10.941622005545216
385 11.377032770761126
386 -80.64451786355225
387 21.207824699593704
388 -14.670810802855996
389 18.873297765668475
390 -13.733569992221128
391 22.245456195669085
392 27.489069876162173
393 15.495881320043773
394 35.25343226744994
395 33.5936580685897
396 16.554775167415062
397 -8.006470223071686
398 31.515747406950833
399 -7.680561457351169
400 -65.27701712390035
401 -41.15448212742931
402 -79.9878648346515
403 25.258970365692228
404 32.51347339711462
405 -27.777112810263553
406 -4.1954027187725025
407 -33.531523413231064
408 -44.13836117759752
409 24.689216424331995
410 -44.66916569880257
411 -45.23070984810855
412 -10.113352820638257
413 -42.096939385651766
414 31.003379928825886
415 23.26389984937679
416 -113.6364589804397
417 -50.43106830549847
418 34.2076997448361
419 -10.063384197785687
420 -12.994423728272785
421 27.88625271362531
422 -39.65858778865977
423 -66.75759104971262
424 -38.24741926865404
425 25.958235985147912
426 -76.10315226976032
427 -45.61663310323221
428 -7.727193968260755
429 -14.07570634875447
430 17.228292140460727
431 -39.240330165984886
432 16.70904811549962
433 -4.671597091674348
434 -68.8392582660493
435 -5.466054252981838
436 -2.9885184523176207
437 27.956250918713387
438 -34.62717748951322
439 -7.480714074752605
440 1.9572108154189607
441 -16.58513173715771
442 -69.36233284438417
443 16.11128583735646
444 -12.303420300212702
445 -3.798522464513626
446 -3.7521954384742724
447 -5.634316319468898
448 -5.140018552126374
449 -12.84891363230177
450 -16.13019818573943
451 25.418805622603728
452 -9.039464870222233
453 28.07043862993945
454 -3.8576650494569975
455 -5.6253649056859665
456 29.02551642163842
457 -66.1984158084447
458 7.9600170763426625
459 -9.998342383201086
460 27.47619752698965
461 36.09796716630457
462 -4.712844827618298
463 -2.1994409886727606
464 36.117873240205604
465 -29.310738644732325
466 42.31550891970407
467 34.30599621221003
468 -3.312026257442005
469 -68.75647447045336
470 -53.23086795465386
471 -0.5951615514781707
472 -32.53722788202328
473 -68.00615924976363
474 -15.895918987330369
475 35.74910220911367
476 9.334011380933056
477 -27.078137959177305
478 -20.07110515665683
479 34.73107815515451
480 -3.043483109818782
481 -93.44265621575155
482 -41.31430167572947
483 -66.90454753363957
484 53.89366481161675
485 -38.68059776998079
486 -56.85721940851663
487 -36.188513584253705
488 -60.49647793143538
489 4.257051342784726
490 45.915672267153994
491 9.005219570040694
492 4.30021346362803
493 46.021785715564604
494 -54.10297983226537
495 46.95073236296356
496 18.84197712748108
497 26.599558488996223
498 -92.64764806211522
499 -61.59756105720982
500 -30.583419112560964
501 -27.90338081499175
502 10.338909863789103
503 -20.42608627512727
504 52.60018000581193
505 48.7228336716482
506 -22.47738477159914
507 12.954544486893493
508 -29.550898302366182
509 -31.84290152370745
510 53.250300748587584
511 25.620137852767307
512 53.2330119449105
513 -9.244660999663164
514 -19.490619499506423
515 -21.006553285674354
516 10.513064394337272
517 1.3842640791201557
518 5.299956002123185
519 9.443411663543266
520 46.09288455678568
521 65.7107619350505
522 9.39323248015965
523 -17.414572102126524
524 22.75998257870645
525 -76.35162507435712
526 -25.76814225514125
527 19.055507490395087
528 14.166022792609557
529 14.587544129368837
530 17.132151875633888
531 56.2279200848985
532 -85.8743459310704
533 -27.6457294400409
534 54.84253160893668
535 22.681817051471967
536 -27.534291745237233
537 16.501680125643652
538 -38.802070151101844
539 26.245226523978005
540 29.807300338563884
541 -14.943462701037067
542 -24.5055014082982
543 -1.1463778134643547
544 -34.48304858656883
545 13.196110274506726
546 -70.02919649554867
547 38.33862495258806
548 33.90555032645615
549 0.5590032579274791
550 43.619223616517445
551 18.903174249564294
552 23.095194000568696
553 55.51758587732304
554 13.024261150108803
555 -18.99542481966815
556 48.75450821006528
557 54.07169684083774
558 -14.601739543017473
559 -0.8848222245904633
560 50.28417576456053
561 18.82992911838351
562 48.688755195758134
563 50.60922241655627
564 -13.37163380053951
565 55.39279911700572
566 25.457863003512372
567 30.48336171157889
568 30.317835168856025
569 -15.971671841421637
570 62.14405261371415
571 24.75769542739368
572 32.67991945954209
573 57.55735641351899
574 21.44398692735283
575 61.036074738710944
576 -42.21738366037329
577 -42.2899391084939
578 37.62811329222376
579 -45.05754819983493
580 -27.560418421392193
581 -55.67897299481136
582 18.574340571082807
583 -41.01168649862552
584 -36.11111321953436
585 1.7104804561991784
586 -58.90754713709265
587 65.60925175200154
588 -3.6364829455741514
589 32.733738233752064
590 34.90118887692131
591 15.118808895753064
592 15.403433314650929
593 -2.2387541603314087
594 -3.7241156987254627
595 29.862004115493804
596 -12.240980066653979
597 -21.40390467406903
598 -70.31743761515943
599 -11.19600809134917
600 36.615505645788424
601 15.792798568304313
602 22.396256456443563
603 15.736232248019569
604 61.52513227880621
605 54.92469336659181
606 -15.496868685455226
607 19.110682598396625
608 27.632730945826342
609 44.84304602436703
610 21.76646615478147
611 -50.7609591220709
612 -19.57256043690242
613 30.864467820496756
614 21.98733619479586
615 74.24130911879891
616 -18.84021875975918
617 -42.93736447300158
618 17.408031011833337
619 -9.930369191297189
620 -22.552743580915354
621 -25.35934349017669
622 16.918796052621055
623 35.47213349737366
624 35.70210379529076
625 31.151567127269825
626 28.143516118257768
627 14.02845882158144
628 68.1514139261879
629 29.317298173763312
630 -15.798087648493087
631 16.495083278274386
632 73.16875835309176
633 21.923552590582194
634 58.771861798662215
635 -24.902836218296095
636 23.663900673046847
637 6.381224680017054
638 57.08698961755477
639 -22.854779987667065
640 19.694798442855777
641 70.46097783634826
642 31.82703356629903
643 26.005050907395137
644 15.383008395331434
645 29.422897295366344
646 24.03343215936111
647 51.489501273599444
648 -22.01887302233684
649 54.37136263713782
650 23.432578849278837
651 34.30025112006362
652 29.7414593291267
653 64.76919747294625
654 58.174732015741974
655 68.50243079078072
656 59.12047344761231
657 0.649506974138621
658 -12.573491445978963
659 -17.716929638182442
660 -57.628207979432915
661 -13.31245679022232
662 58.08085999404544
663 -0.8661741654823221
664 78.48849479307528
665 -34.9527541932268
666 14.338827864340342
667 22.533157073939375
668 75.01450093961894
669 35.27134992952225
670 3.091927340891896
671 67.56580515261923
672 14.85565175277723
673 20.027770925457272
674 28.01070830814043
675 -12.546370610185598
676 63.587887830150294
677 62.48109221465458
678 68.92317943647953
679 28.943806517690177
680 25.488296826952595
681 25.032226829772334
682 59.180788611111375
683 26.14725914561297
684 -5.8826472147512305
685 48.37439729994953
686 85.51290301348186
687 -19.792221723773366
688 -52.8503104509458
689 41.722851666811685
690 -14.397129537554001
691 65.48457603946031
692 -7.5078886069387
693 -14.332290535870168
694 59.20788848741134
695 33.897021538304934
696 -48.68844703573874
697 -39.10065419710319
698 -91.19840097757104
699 20.371163545969402
700 19.79695303572837
701 -32.25962998544409
702 25.44619701764266
703 -5.857228076519608
704 32.578626507268424
705 69.57412036460155
706 0.09913846332066534
707 -10.405668416587176
708 35.95402770604161
709 71.28596135484798
710 35.95275942830243
711 20.33761386211789
712 67.05672638788337
713 73.85376066658675
714 47.99924111591464
715 -12.460663416805371
716 29.394922071351964
717 9.907848323348434
718 46.97928416512052
719 83.14100582850008
720 76.99761335244865
721 57.93966437454583
722 78.09166846303812
723 67.68313619915534
724 -0.9044620440794802
725 -17.133968040535095
726 73.98406530895207
727 52.530401217167714
728 12.362396254464358
729 77.51382353115547
730 -10.682494515775552
731 -6.073089206315583
732 67.09467254352515
733 73.99522838048499
734 41.69504759054552
735 50.34794875320263
736 -30.19052557620345
737 86.5647288035137
738 2.2809025011759463
739 43.499668999165905
740 5.2095235049005915
741 36.09080861905635
742 64.56512849822204
743 92.0729584775008
744 54.42968440093534
745 71.57688912701978
746 65.52755576584286
747 52.082515912704935
748 63.57066682106364
749 51.50344739218941
750 97.91484004618675
751 53.647705987400826
752 22.87655090957368
753 74.55225687005758
754 23.969965756044083
755 24.222200053237515
756 47.95310358776212
757 -5.913845784762721
758 21.87049962346736
759 63.58171390469758
760 44.23721021345846
761 72.19064683645482
762 56.58851116569836
763 44.93770402982908
764 77.62060107191246
765 77.10333691136306
766 85.47227276882559
767 56.8708093220936
768 46.32254682658922
769 -24.789425313395608
770 9.216784356054834
771 22.255475838739567
772 37.20832530933835
773 16.947552585425942
774 -18.197173260813116
775 47.62070880874773
776 82.64875379357485
777 82.22312592612447
778 34.496725170986096
779 52.34901441662959
780 55.319428114817
781 79.87581801339238
782 -91.86603937124181
783 -100.58335659942249
784 87.96824556786379
785 35.02584702996722
786 17.58309044857401
787 81.84505484526356
788 -35.68157432988069
789 2.1671810016473714
790 9.15298602663026
791 95.58145508459071
792 -1.245628341916806
793 0.533921449641845
794 -28.422748068834967
795 100.74695312836144
796 66.00929817295444
797 -0.25410008324040767
798 -3.9969909742528973
799 -53.375319800078714
800 33.085650625592706
801 92.40448777719803
802 80.04160739137433
803 14.043432884613047
804 8.970241207553997
805 44.10124578656301
806 6.778283301195895
807 50.8687485462312
808 66.05292312397387
809 -59.02725963784677
810 45.244086806775684
811 47.762344294594584
812 57.516258933074624
813 -69.6643790433421
814 -10.280978506334748
815 34.89202532479197
816 45.87443016259154
817 2.8170077298685356
818 45.792118281219146
819 90.44826832942447
820 -14.502529660203193
821 46.0753110810709
822 83.92804176695348
823 51.994211333120546
824 39.803158402083625
825 37.682210534947444
826 37.06334753036249
827 67.07270182518954
828 76.51062475525401
829 65.62232594814445
830 51.17652823417151
831 43.51584783349931
832 45.52474354096685
833 -27.00765016442943
834 77.7804144593266
835 42.63558845002141
836 67.79266570007908
837 43.081385225114545
838 27.379164134043407
839 54.15075564155556
840 60.68498827517404
841 80.02298039949684
842 94.8959098827217
843 86.78855014962639
844 81.77940431545082
845 4.159483883774204
846 -1.2775140005260042
847 -17.170450257748232
848 84.61882402149324
849 85.98799033616217
850 70.15749466795862
851 30.5469377268101
852 14.683607346009607
853 47.38374444151762
854 85.18368256597778
855 45.32869681545051
856 79.0258488911314
857 80.84925044886472
858 -0.8630685831843934
859 59.96126019670208
860 2.731312904593061
861 2.9727362955341263
862 -0.6665960047468573
863 58.01616401092598
864 58.60837175575922
865 90.84313498450426
866 38.39873416686957
867 49.53490963803012
868 84.83687618780941
869 33.00649241990842
870 41.75729601438932
871 46.3869956550969
872 -37.570143225561694
873 92.49637021446335
874 -33.79027585291165
875 61.44243682085365
876 46.055360979560746
877 -15.453949492219069
878 81.56693124416157
879 29.76932108686319
880 81.13717005256152
881 27.531854235364577
882 8.450237163808179
883 40.441898622884864
884 0.9044702210941544
885 -36.76749075070862
886 57.92092027195557
887 54.27331517130025
888 50.75543600597355
889 -52.22008873344228
890 16.809028201279688
891 32.82295619184958
892 88.8425853303961
893 37.044290022310946
894 81.26821787105033
895 49.717274161543536
896 6.983201654921043
897 53.0779575554463
898 -8.32927995578433
899 38.75751964780983
900 36.67309903103112
901 28.922958937134112
902 34.63672975398926
903 76.63946356792033
904 27.41647453215035
905 78.094866227502
906 83.47520877587047
907 35.7253178803115
908 34.99687750196891
909 77.23481085175118
910 -6.100850344430192
911 80.39221106961895
912 38.33308353509504
913 78.12709193463468
914 0.02709953191053671
915 82.54847639730758
916 80.74544362412547
917 70.81321186292575
918 -8.361121654957703
919 19.34164282198419
920 46.90772770106729
921 75.85490211221884
922 29.92237380894273
923 24.3233654981572
924 79.25459140450023
925 29.630761772762504
926 45.17748957768998
927 76.2274842478262
928 98.75424034391838
929 83.60113383751252
930 71.32908264070127
931 60.57833065594063
932 98.60010230388009
933 48.377522351584375
934 43.541212139386985
935 49.671153534009264
936 90.47065921434915
937 5.145442390895287
938 89.28746838782695
939 91.45115075146296
940 -10.001604471270475
941 39.26622829101963
942 42.80010878704874
943 46.124643397499796
944 39.62142240881655
945 11.134326917857386
946 57.48702884053019
947 86.26559223808688
948 77.20153924686554
949 53.23985334190524
950 89.79478953261506
951 90.8873858914164
952 58.30402030693459
953 64.0578722306763
954 27.134807526538143
955 5.427221291413684
956 94.66604341635868
957 89.77229519556336
958 57.57135743039427
959 83.5611829867212
960 1.1132336399168654
961 45.08162421723267
962 46.45189972401425
963 85.50837007734256
964 46.80218511665379
965 30.65016842712181
966 9.992087617012347
967 96.05418950687223
968 21.845496921302434
969 46.881509423770005
970 36.493720708483664
971 18.417627066305364
972 81.68999261267528
973 94.23190932531095
974 91.38958614744632
975 102.43645438234181
976 65.0796308615532
977 60.060649443927524
978 90.00663647779899
979 53.57920607081334
980 76.84947120751625
981 50.824207612400706
982 49.48515454943726
983 42.78076093600829
984 66.63433166005103
985 43.20941161169622
986 56.22736329610209
987 63.797501855119584
988 62.05550899496441
989 51.65507046274792
990 34.96703231596758
991 50.77018100962957
992 50.73906315655664
993 86.34913717882193
994 20.1303992495892
995 -43.799599689284804
996 -7.993196504993527
997 59.733441016109325
998 49.19890844693515
999 -18.851009251535416
1000 65.2165768126302
1001 54.18696155219928
1002 18.2992346372868
1003 57.607610874669916
1004 55.78738330086289
1005 -4.081458190129293
1006 58.635269759185746
1007 86.20965922226353
1008 9.77307658746356
1009 94.17745745462551
1010 64.60806623027045
1011 93.54337343177929
1012 102.36493912917079
1013 90.33382343937238
1014 72.28980567738026
1015 35.591640498625715
1016 107.03874857313667
1017 57.565385736592255
1018 34.17444342599513
1019 -11.784566495411262
1020 69.49916115912794
1021 54.127550156670154
1022 1.7952408907373023
1023 -16.97465486103126
1024 44.52992759340209
1025 1.4603238216059449
1026 90.57478299183677
1027 56.61178650274592
1028 100.33191769334596
1029 14.74544882373123
1030 84.81406969682048
1031 68.64814378768963
1032 86.44022424602818
1033 106.51201979058155
1034 63.9505022646749
1035 98.16237572555133
1036 95.4021437817492
1037 92.68675782958385
1038 -71.03147332091443
1039 68.73821300937854
1040 53.00708958118206
1041 92.4870837095777
1042 42.418901314252665
1043 50.19110272264495
1044 98.55566341486602
1045 100.86327445667888
1046 45.54267514001639
1047 92.19474419413055
1048 63.84976293426348
1049 -10.281993030052014
1050 -8.583264263627754
1051 -1.3318544454276786
1052 93.89356020500277
1053 72.7520388188882
1054 59.074310982932175
1055 98.21896169479982
1056 102.65490041394996
1057 51.48787996314109
1058 46.26229187223515
1059 49.46797831013347
1060 19.248764992153415
1061 54.02596255107579
1062 44.070249923469945
1063 106.63554595866705
1064 90.83298163467148
1065 101.6552808046198
1066 94.68335017251252
1067 -2.19873972935261
1068 18.445227417295172
1069 93.66680429503273
1070 97.19517582456393
1071 50.835402603709895
1072 93.23480746884255
1073 52.115208996165066
1074 23.444575053204993
1075 55.70727313652105
1076 30.83017148657421
1077 57.43440073502636
1078 95.22912149078739
1079 95.29156648889554
1080 16.93010512397126
1081 99.28905401233428
1082 53.113147028344514
1083 96.04514473682268
1084 68.43187609472622
1085 75.53304381035252
1086 96.58245816389578
1087 33.56517599165515
1088 15.47981433671448
1089 22.569417987721963
1090 44.02853447862977
1091 30.698677734841272
1092 106.37351544177608
1093 12.366618351044231
1094 17.81538230991796
1095 -3.650526651693049
1096 71.3330402012849
1097 62.01401254497761
1098 99.59029216966141
1099 17.063301041447076
1100 55.2340993228664
1101 54.05468631883151
1102 93.45293402654318
1103 95.60716533186176
1104 21.470010890714036
1105 3.2756449670192325
1106 66.30668216336781
1107 97.82535434062902
1108 100.8414472478378
1109 96.53773502777312
1110 9.228742735711073
1111 103.49559356237947
1112 55.95263676529128
1113 60.60746913158908
1114 91.03281391268797
1115 87.62566719039559
1116 25.763821607822074
1117 67.50823313655144
1118 60.75810766032786
1119 90.18079194545032
1120 0.8080111516422086
1121 82.65755930453179
1122 56.40055420444904
1123 65.81513191730451
1124 92.71567772649925
1125 53.84326055617535
1126 56.13318414944347
1127 57.61753174658461
1128 37.61158578832447
1129 50.19636464258297
1130 43.80106623192084
1131 8.864788215295711
1132 81.2312945875336
1133 92.83116603334355
1134 79.99896641682567
1135 100.53070075042638
1136 104.12295762482533
1137 52.5360675487543
1138 -33.72357142666154
1139 55.458994497992705
1140 92.60537513225913
1141 102.13497934018882
1142 -6.236966645096134
1143 59.64777090707001
1144 97.21715630127721
1145 62.327444704406886
1146 92.65227235968922
1147 -5.848446532551058
1148 85.27686346787539
1149 -18.985350619632758
1150 43.928122403773145
1151 41.91138193634912
1152 95.76048735299784
1153 101.48122222715334
1154 56.227335563224266
1155 15.091790155654905
1156 94.3288010588459
1157 96.60297894176699
1158 33.53366427262949
1159 73.77364420306245
1160 59.62144342196733
1161 65.22787924630117
1162 62.20448957619891
1163 48.934151330523946
1164 110.10119576910681
1165 96.89276860760819
1166 72.42137405944274
1167 17.19145712893578
1168 36.748540696300566
1169 61.976865437932915
1170 52.320826401955905
1171 3.852805633462804
1172 83.33948739808113
1173 91.36075062584565
1174 38.06292232184374
1175 50.10340311814036
1176 101.13460470464639
1177 101.33135989103417
1178 96.2701504849262
1179 101.43196431954716
1180 50.645246579658846
1181 53.11951325765251
1182 96.81302380531156
1183 57.48214797452309
1184 112.95041787116678
1185 109.85486138975712
1186 64.61143249124675
1187 56.6116280669975
1188 44.65990159929063
1189 57.279994078294514
1190 90.60370593377078
1191 -1.333044682802491
1192 56.18215741523633
1193 76.21008033602219
1194 53.020128948362995
1195 90.08585596754244
1196 84.76443052797376
1197 27.211483754593708
1198 108.35118072325781
1199 72.82549174009618
1200 119.94656291568899
1201 5.503446521184408
1202 65.15503381229858
1203 92.63652278738407
1204 20.903705627121028
1205 46.68918180501911
1206 48.55471247478341
1207 102.11178117675703
1208 99.06637631983851
1209 78.36215678354631
1210 -28.4875259891851
1211 92.5861925086292
1212 52.06694436114141
1213 3.2907985641287283
1214 8.508763344622517
1215 38.503000704331306
1216 51.77561803240559
1217 55.432875210962386
1218 3.5648279738072333
1219 83.60306816448566
1220 125.74276165705312
1221 77.57141957324725
1222 45.39111991107819
1223 -35.99761649172335
1224 97.1961655118175
1225 115.40785639297327
1226 75.05940307318617
1227 34.726469449566196
1228 70.49505933946712
1229 104.91948429254612
1230 69.05944486744498
1231 50.02677690465654
1232 111.51054683363901
1233 51.25767812608772
1234 17.32361803824949
1235 99.61397016561108
1236 18.649297394148384
1237 52.85687673734469
1238 35.44925377866732
1239 114.58084826610515
1240 -17.58402266866777
1241 27.058608047986382
1242 101.54133191781536
1243 112.64262014589161
1244 -31.157348658908646
1245 108.66340326380183
1246 64.29248064394294
1247 31.267122744017577
1248 87.06315675570255
1249 28.47590781266645
1250 10.262588574801718
1251 64.30053699559376
1252 91.82431911802011
1253 68.34431808033366
1254 43.61304140289437
1255 53.187665664958914
1256 115.06256155690099
1257 21.636320977467115
1258 81.90262228219598
1259 52.605133675983325
1260 38.534814082231364
1261 25.36536830685039
1262 33.801451204073445
1263 6.611156075584233
1264 -38.1892258118214
1265 63.257176677599546
1266 66.87294521412485
1267 92.05205525795152
1268 59.91952077316428
1269 22.65384037401089
1270 45.262877128376914
1271 24.284618987094447
1272 118.28423608996421
1273 12.33661395393419
1274 44.30159178512945
1275 66.76747707378166
1276 80.65276481844546
1277 30.876194883857394
1278 66.30001283017468
1279 -15.670441816381981
1280 16.883353165773194
1281 -68.81797614318505
1282 14.73011505811722
1283 102.9100942630476
1284 62.27447440832386
1285 7.098883186796199
1286 48.60383006915262
1287 -33.46407388862207
1288 58.88674350489691
1289 63.5096511108096
1290 17.285006010093397
1291 14.912164938504624
1292 27.42371726751591
1293 22.626976118142704
1294 52.88390345319483
1295 68.92943934573293
1296 17.55796128884112
1297 33.875664876656295
1298 95.3795608110063
1299 98.03575345484057
1300 54.25813585972334
1301 85.77412378633021
1302 62.118715005318776
1303 116.36376776604135
1304 123.01839433313422
1305 11.886815162326508
1306 60.62877810025742
1307 99.5770773537005
1308 14.682585952660368
1309 68.29606455391938
1310 51.08772322724309
1311 116.52307327238546
1312 100.5175761611221
1313 114.66621822078679
1314 117.24955853241991
1315 -0.5215166185015576
1316 12.17552683363808
1317 31.31800002006753
1318 10.327412785811042
1319 44.50326341150685
1320 110.67937391374414
1321 104.5204411110038
1322 119.05889257620412
1323 118.59478257825842
1324 67.36056705064371
1325 1.259525109356261
1326 118.2635222741336
1327 79.26557328717053
1328 54.615109907595574
1329 73.74638730325921
1330 112.80661656752537
1331 115.00664094040866
1332 52.506976746649464
1333 119.52525496446478
1334 59.75245270351026
1335 114.51244276685817
1336 47.25688773541772
1337 119.43467686132107
1338 105.95385123972143
1339 64.18131622278068
1340 118.30135147984512
1341 109.49578680456816
1342 80.03852115209118
1343 114.90245245610146
1344 120.79669721221208
1345 85.45820026889194
1346 113.11093535573421
1347 117.94927705372099
1348 122.65566157527886
1349 118.204598146417
1350 66.1800974833315
1351 120.53682378926655
1352 61.48676652302608
1353 118.78812499089537
1354 115.79517787404885
1355 121.36716650975899
1356 113.0328331942327
1357 110.97257726073123
1358 58.60507811027688
1359 131.79368885385958
1360 -29.985692775527333
1361 92.76058671944213
1362 65.06882468934371
1363 73.05645002123077
1364 66.05341729145853
1365 29.24771381285848
1366 48.6252966104651
1367 126.25005039316542
1368 129.55392326768393
1369 52.589442401620076
1370 125.26165751633464
1371 126.72780153838747
1372 34.549223920075825
1373 93.03225801183422
1374 131.5001530816142
1375 112.09983516284558
1376 -36.81848248296417
1377 35.1652609819503
1378 25.246641160872294
1379 86.77013072530255
1380 118.00747718008232
1381 34.51333367578342
1382 116.90192137050502
1383 120.55189806676299
1384 124.77865702392748
1385 62.48971059219226
1386 116.19961460312113
1387 113.18602919065654
1388 114.24614137441384
1389 37.03781930778113
1390 56.86953618363492
1391 119.01784192570227
1392 22.20162269983068
1393 1.65322214609151
1394 118.97712340778591
1395 -24.95096968581824
1396 86.76007583734548
1397 82.0184268578401
1398 59.34977475905511
1399 114.0048264006682
1400 68.31205697260998
1401 18.35678813852074
1402 46.253458644362624
1403 114.00507150988513
1404 130.90727680485242
1405 120.48017780219638
1406 123.24976912787804
1407 17.90182730601665
1408 120.3385661819262
1409 17.588856719639306
1410 81.18565259787268
1411 26.274236495373305
1412 87.5569101932019
1413 73.78519054345878
1414 88.2123374431003
1415 87.92039872384868
1416 61.32160431918471
1417 41.78670265188626
1418 35.0275379629669
1419 83.36004744695077
1420 77.53630681328117
1421 108.15764430471447
1422 104.43887806650777
1423 130.7539401295155
1424 122.8383886514115
1425 131.05018599892793
1426 95.01225889793066
1427 78.62896611225993
1428 124.99656780334809
1429 34.43247839764582
1430 116.32333304339475
1431 122.13213141833228
1432 24.735909587084763
1433 107.39640140156229
1434 -17.471820696957735
1435 3.9603050583900483
1436 119.98485047675341
1437 126.59646090132134
1438 120.24896705198441
1439 57.71797657132319
1440 67.83463194509424
1441 113.24700027157317
1442 67.94769743862156
1443 29.486654228287897
1444 136.2639032797984
1445 105.76250616943649
1446 72.97349288326066
1447 121.72643202495061
1448 124.00710667688102
1449 69.66037146727474
1450 120.65624773587706
1451 64.4693546097589
1452 117.75605098789042
1453 95.88346802030006
1454 126.924525691865
1455 119.25863587908384
1456 38.956642017467075
1457 80.70939924645856
1458 8.25273950289484
1459 128.40283136702809
1460 3.655941771090168
1461 127.73724907178692
1462 134.86948280942363
1463 125.38697837553033
1464 135.20542486309537
1465 71.19002523720216
1466 68.2049126407802
1467 124.92418046597092
1468 73.36210140031078
1469 30.6787681279204
1470 90.00838645931393
1471 131.01048468362802
1472 96.9828216778912
1473 50.605321393915105
1474 133.03181915880674
1475 74.58914653163171
1476 60.17447914697879
1477 79.9809970149542
1478 118.0673770388838
1479 36.743969993000064
1480 12.376817607189214
1481 77.53040153614214
1482 81.4260383110082
1483 57.860069018306355
1484 61.57881699802741
1485 118.78096693304552
1486 106.82869301043277
1487 -38.48869964499414
1488 75.21981026004782
1489 27.280472373902164
1490 86.95600333479946
1491 110.26275617984122
1492 109.83041808506442
1493 113.95051402639193
1494 16.01015476729998
1495 103.01304583592292
1496 119.68314570907796
1497 88.12880396760409
1498 82.43587037292819
1499 125.37976038837493
1500 71.5594328445185
1501 78.59857687787789
1502 121.19468540458861
1503 55.0368482832792
1504 66.36985197010543
1505 111.08111165970345
1506 72.70576933495079
1507 123.22415277031823
1508 116.11860728164334
1509 67.0422378441688
1510 114.05459811766383
1511 120.1329315257181
1512 117.92869055392467
1513 122.33169072511728
1514 123.85444626609326
1515 121.09720445235865
1516 67.23437168860667
1517 113.89442439476726
1518 125.0269197057532
1519 61.18615554246168
1520 120.77881432462452
1521 119.61099485516175
1522 118.30891048086619
1523 34.30234699810248
1524 69.80153635355498
1525 64.2965216634764
1526 129.13023803257198
1527 26.13547073548193
1528 60.27173792799715
1529 107.04995379150813
1530 145.2081893669877
1531 130.31705030230742
1532 134.75676897604484
1533 80.69975951536559
1534 74.6328609731267
1535 123.61933405647721
1536 62.934246326660734
1537 70.62790363181708
1538 123.40890662311263
1539 127.21814556986814
1540 134.8677399995417
1541 124.72589863985
1542 129.2376696322518
1543 137.63153604494656
1544 135.55257294299298
1545 84.15827753613948
1546 94.0766594606917
1547 110.08775222571366
1548 130.4364144504562
1549 132.940039091359
1550 70.41057998446607
1551 44.79455066234508
1552 124.95826302864151
1553 123.46736642692221
1554 133.45139095951475
1555 97.63932334117837
1556 41.01606977946621
1557 127.77609669288618
1558 79.47707337755911
1559 23.273533278743574
1560 138.4250041925025
1561 122.53646985597068
1562 64.04712660143679
1563 138.72086866270826
1564 134.53846878705218
1565 130.12203972424567
1566 131.78349220455902
1567 139.99127602326962
1568 143.62142917245188
1569 130.92769861819934
1570 140.47393847155274
1571 53.449411035438224
1572 144.58968309184877
1573 150.84183178885743
1574 76.47683823277319
1575 140.94174389982794
1576 129.17378600034442
1577 142.39691832545878
1578 78.78252556427631
1579 150.00015029706373
1580 134.5964976967194
1581 82.17277813684785
1582 148.60703856760148
1583 147.7041904369138
1584 145.32174363117193
1585 96.90780526413268
1586 146.20556963028153
1587 48.382899781178814
1588 64.07345996488397
1589 138.7332533322866
1590 105.2871993595065
1591 137.12206211567388
1592 114.07606964588628
1593 138.7896685179256
1594 132.95683423844662
1595 145.95561177096127
1596 56.023101397741726
1597 83.4574368418597
1598 127.77658277019017
1599 145.66255403347537
1600 140.10979816385048
1601 140.13412236223053
1602 29.029430469921934
1603 139.51037349491213
1604 86.80592071094549
1605 137.21095797871484
1606 92.73523971772177
1607 145.51524124964774
1608 139.4169149215595
1609 129.98475080326693
1610 152.59555154955865
1611 20.62376437062816
1612 149.45620678149766
1613 139.5178337920794
1614 103.24703957455634
1615 142.41041366296957
1616 138.13540449522202
1617 151.53322735778983
1618 80.07915820328144
1619 139.0035432342774
1620 103.79364281795901
1621 24.525626631346825
1622 12.328510241917328
1623 54.4309721058076
1624 70.66512429086552
1625 91.05860378740694
1626 13.221366338263724
1627 86.40297500339645
1628 120.1028415017941
1629 91.99562778150894
1630 141.70473589360293
1631 14.139096971896786
1632 87.28430067141026
1633 139.7352009029832
1634 -5.565951065072323
1635 22.187862380739617
1636 97.0281387003885
1637 82.22329481367828
1638 36.65390244179108
1639 145.81665622134085
1640 72.69103802614316
1641 139.8996428652997
1642 90.47676429139884
1643 100.90675007881734
1644 153.5885469806183
1645 48.188462875766504
1646 85.88894010199917
1647 30.382630483080625
1648 67.3471391787754
1649 143.8539784923646
1650 83.88025961739778
1651 29.622264072694634
1652 108.51342400616157
1653 149.36612644755496
1654 154.74945565005822
1655 95.97933385211837
1656 54.035020053606935
1657 70.98419093317212
1658 71.04390426845691
1659 149.21887228060217
1660 41.3125901959664
1661 -44.71405753809275
1662 39.078625390260626
1663 116.3350909542438
1664 33.44406162528879
1665 114.3751213286817
1666 92.23345579982981
1667 10.609199931283921
1668 148.05992649234554
1669 95.85182707776298
1670 51.739074076891086
1671 96.36907021298583
1672 136.99863183802535
1673 112.02734397956806
1674 51.024184255462444
1675 66.5261728882839
1676 86.70585006426104
1677 92.30834212607004
1678 78.1373927349563
1679 113.96739280046503
1680 142.6873517024579
1681 144.70373414046455
1682 8.732533229912617
1683 147.33473454831446
1684 72.72193762273574
1685 111.19524147187589
1686 140.48102044219146
1687 85.45825418718609
1688 100.36009957213776
1689 73.51575230205569
1690 47.660710178464484
1691 146.2239419508888
1692 135.93617605045978
1693 104.89820530527456
1694 136.85188142824342
1695 97.89704173046877
1696 96.60716012273511
1697 77.19104523942728
1698 148.8415871317037
1699 34.11255968111987
1700 95.49541959445301
1701 100.08615173553565
1702 54.681076603756274
1703 -34.95390888367524
1704 53.41179153152555
1705 26.9931353899644
1706 53.11033950141808
1707 -15.837592764042775
1708 117.81194588136842
1709 43.29788245076839
1710 87.97548877409395
1711 118.61342079966144
1712 -71.56490972899056
1713 -0.157674156631046
1714 30.067869717919095
1715 23.649271303459205
1716 111.92597818863857
1717 71.23096760253048
1718 81.4279420121675
1719 109.1998021011888
1720 47.80224132824502
1721 99.3255749773552
1722 147.3232084537926
1723 26.130576362363207
1724 -11.233582825236821
1725 95.46066032606936
1726 108.16775512090803
1727 143.51079537691345
1728 -13.63308621641994
1729 140.31364023606346
1730 56.5840978158152
1731 74.99764413060711
1732 143.8542000685435
1733 21.569350036796013
1734 70.80014387694008
1735 71.83129170500888
1736 147.08346367818967
1737 58.79275475066899
1738 132.70394470201072
1739 157.00000697414526
1740 119.17789612855154
1741 155.63643468693425
1742 36.64762898592014
1743 127.32916805455616
1744 95.89343920759545
1745 153.4991652224919
1746 110.61508338344498
1747 88.61512214303777
1748 66.28754418684215
1749 148.05911072943343
1750 153.99843432392052
1751 158.9721180713099
1752 155.105845386579
1753 107.28224487515894
1754 -9.949796191197049
1755 161.20526989191862
1756 5.415422842910505
1757 93.95257158029048
1758 149.11862552691298
1759 117.26609056200785
1760 151.20372769653204
1761 145.64082626920379
1762 42.99683583821123
1763 159.1036805821244
1764 143.66284188000577
1765 155.19271919448812
1766 121.10659738586561
1767 144.15711710416167
1768 89.09206819959277
1769 87.58985629005574
1770 61.194801807143236
1771 87.57743265919355
1772 160.57524906438883
1773 102.78491611949585
1774 154.5000914928126
1775 153.68153359952754
1776 84.6118703689752
1777 76.11948911341557
1778 150.11319228100325
1779 77.3048967607979
1780 155.61846055353914
1781 154.65978480184216
1782 108.26924869370413
1783 156.74814366300524
1784 95.65719636330101
1785 164.910624537937
1786 163.59647085754386
1787 98.42717906657326
1788 89.49033622421898
1789 110.76049717178938
1790 59.586516727344275
1791 124.88191894126766
1792 73.68390872005929
1793 91.53089087331762
1794 95.40693303122869
1795 100.031331325384
1796 118.88224064800885
1797 55.22415693863542
1798 103.49472580354022
1799 151.6530778566181
1800 154.8460836086495
1801 147.67649426180185
1802 109.90509697285745
1803 160.759455675143
1804 112.40503523274401
1805 103.84569158189727
1806 134.16957484891108
1807 43.81319591354408
1808 157.42169936802702
1809 150.90536430723327
1810 162.50073723299363
1811 94.49475105357728
1812 90.4768371241903
1813 59.59053949958954
1814 124.86768353318064
1815 94.45893963489215
1816 160.0226229810229
1817 119.99905966972821
1818 135.33209629903374
1819 159.59777617946932
1820 163.62980896512556
1821 159.20776947208088
1822 155.60128231667366
1823 162.23226334109017
1824 104.61852864398465
1825 42.06524034366709
1826 151.61543544097492
1827 101.04929686719628
1828 161.39544310030027
1829 94.04245366500675
1830 159.30745790541002
1831 96.98150864747583
1832 106.21804768863629
1833 110.46312156211818
1834 111.17501119042822
1835 96.14379324155985
1836 121.54775836260694
1837 157.133605229058
1838 82.86183018546332
1839 165.7333164732449
1840 105.74883763780971
1841 156.7467031491748
1842 180.10132751835118
1843 132.42367577183722
1844 165.18093049547727
1845 159.18058929623925
1846 111.87303621692922
1847 85.45698253788518
1848 159.59920074931904
1849 102.20327591207001
1850 174.59229206223822
1851 165.25137282653787
1852 77.82842458055106
1853 110.88136610699537
1854 157.72951845152798
1855 83.31902181868315
1856 155.40283430476717
1857 102.42082910139595
1858 134.87104000508288
1859 95.74453890721699
1860 58.661793292769374
1861 144.64015434838643
1862 162.99123291074176
1863 74.86848777597692
1864 91.66752816945329
1865 44.32395040784124
1866 169.40069831500185
1867 91.5582157521344
1868 80.89655946028091
1869 148.66797578518108
1870 160.57623946669912
1871 162.3086847994138
1872 162.39446354733218
1873 101.25968405086654
1874 98.50032439775546
1875 172.80754339818995
1876 69.64198127382203
1877 106.23753946338833
1878 153.82599788158774
1879 105.86315042552675
1880 117.36308179212206
1881 26.22648698915632
1882 178.91927115339908
1883 -20.354917217798295
1884 166.66261682225127
1885 106.25465177820327
1886 105.01052130553467
1887 105.62031000044288
1888 158.2826669836353
1889 67.0551913141557
1890 58.50321561236399
1891 175.614816003498
1892 126.1177021585838
1893 124.91981519976358
1894 105.41804041471659
1895 154.11278857708504
1896 165.934824948541
1897 108.12597525890729
1898 124.55841437729183
1899 114.33476945946427
1900 73.28685363557219
1901 0.9378232110648632
1902 161.80411347566172
1903 156.77882544606442
1904 163.27398891811424
1905 173.59406513964072
1906 161.84212574342033
1907 53.29629921029103
1908 95.23646873824484
1909 113.14045153465896
1910 164.29430314250257
1911 120.00515650170948
1912 133.75980710205744
1913 140.54739649028423
1914 178.99159725146984
1915 138.69629203731722
1916 123.84988989473695
1917 98.04839601354952
1918 84.91540640413528
1919 103.96409818845567
1920 175.59124248045788
1921 37.37082319290546
1922 168.00460937510738
1923 117.64795347415577
1924 156.25562682412004
1925 93.2420253229442
1926 120.83120280764219
1927 36.188618118928105
1928 160.73014610172962
1929 53.97745750336395
1930 182.46726339979136
1931 116.40194415016408
1932 124.9268511764758
1933 142.96410314815475
1934 59.291053997376764
1935 39.59184714686948
1936 114.45997672000215
1937 121.82571802654442
1938 18.842662833847108
1939 174.55263126144573
1940 169.6040326172357
1941 117.37361421900023
1942 130.57332362737117
1943 48.217825390705656
1944 -4.754093494369954
1945 129.01002927886864
1946 169.9258831280943
1947 118.51019234163965
1948 43.339909014988066
1949 108.56527890887219
1950 37.55507498715677
1951 142.7450843127912
1952 39.98418082416103
1953 101.0824222292116
1954 123.37896313004605
1955 105.3629115590869
1956 66.08163808824386
1957 -29.765155860816602
1958 69.82902332760455
1959 111.84610559014246
1960 16.539120635430628
1961 57.56200563327998
1962 98.55455667939518
1963 73.36934664122589
1964 100.2426431223011
1965 48.77105477924472
1966 165.1860213338796
1967 85.44889131111543
1968 92.89964810348704
1969 165.52319942028285
1970 66.2370117501739
1971 177.84685190932453
1972 73.01396952722222
1973 167.61028822937905
1974 176.99300035638143
1975 154.7726991579132
1976 81.51584391804815
1977 39.34775527336602
1978 164.3414021633278
1979 46.11419247178763
1980 98.71426143982524
1981 96.47333587861635
1982 150.15177393155358
1983 176.42026224831864
1984 153.86211149090695
1985 105.45772281004074
1986 135.42596471948798
1987 104.94882994637807
1988 28.626213096354142
1989 33.13532053303934
1990 126.62678293864163
1991 103.8381741616142
1992 164.98140325662925
1993 89.04462976423973
1994 131.9940191565036
1995 149.64193094408557
1996 63.06160058330511
1997 169.18637995611363
1998 111.6790397499528
1999 112.11248788625451
2000 118.71300228631137
2001 170.42856885494072
2002 158.02285391374693
2003 50.17951461131125
2004 56.5246852216407
2005 139.40569700095784
2006 163.21929188841193
2007 170.76951687077212
2008 165.11764751002096
2009 117.7206817483981
2010 103.65285639564102
2011 173.6457925063502
2012 183.29891673638272
2013 177.02264703567838
2014 181.50690227971677
2015 170.83723544118706
2016 175.56210167548926
2017 103.8315456156864
2018 41.001031210411654
2019 104.40286577659998
2020 165.97427371420537
2021 77.92429135347962
2022 123.31482124644732
2023 69.22482926022539
2024 -5.957335249503664
2025 110.4217267062996
2026 107.64184803454762
2027 27.596320779363616
2028 138.53092354905183
2029 40.41781662629729
2030 82.90055589804314
2031 176.59471206456112
2032 171.36074878851568
2033 88.36634598517634
2034 31.813724991519766
2035 29.05336103176664
2036 1.0204949607746663
2037 95.59140630381832
2038 42.18547801286511
2039 -11.725902353459524
2040 170.03098786226798
2041 182.0896819131593
2042 133.8133246008479
2043 34.034628633641006
2044 67.5083282490545
2045 173.21723864535196
2046 165.4955634067226
2047 172.6623308027703
2048 113.19466758468295
2049 146.73586896001905
2050 116.04781428231966
2051 -26.63963675316719
2052 108.55245860144913
2053 165.99402755013045
2054 111.6835637282189
2055 45.815938105225094
2056 40.96590505829049
2057 132.13908511880723
2058 171.98907100041413
2059 64.4521612499693
2060 106.30391583082468
2061 -28.055440433176692
2062 56.21479829125974
2063 110.96372662448398
2064 97.99064694939753
2065 168.0163965053074
2066 38.17414453136099
2067 180.1460282581687
2068 97.55903611013152
2069 179.82866444122757
2070 141.29435421652934
2071 33.37285240097698
2072 132.77614469579854
2073 170.16964478284012
2074 121.85707894821743
2075 122.94107164393145
2076 30.031429510213428
2077 107.58646109516226
2078 -27.47470212248666
2079 64.68588203308931
2080 130.67260262677274
2081 108.62997540044208
2082 179.40022104534305
2083 42.50760766464285
2084 194.61927941753325
2085 103.20807836331132
2086 134.4653490417932
2087 -7.009885424994096
2088 162.77796965204797
2089 52.70072187583659
2090 66.91248912209286
2091 55.505723253478585
2092 75.30429653363751
2093 140.9728410715653
2094 37.06472371311314
2095 170.23153841093352
2096 118.53544450509857
2097 181.0602163272053
2098 109.9813500357866
2099 119.49081091843016
2100 176.01409405569825
2101 173.67499146190085
2102 183.19302995893156
2103 183.3991845729489
2104 173.42627960920873
2105 174.78626500887157
2106 177.0717023029959
2107 103.4014841749699
2108 87.08591007203452
2109 91.67979629501232
2110 159.7321788831876
2111 181.74292417919648
2112 181.91634878178576
2113 175.88336299637285
2114 44.4488709892871
2115 106.74508852394885
2116 108.96555459213909
2117 135.865439536603
2118 138.36058484022254
2119 186.4568421057055
2120 51.24521111540992
2121 58.281049879836786
2122 119.97082936816584
2123 165.87117766998412
2124 -49.494837232050955
2125 98.9724655735173
2126 100.16039661891352
2127 -24.675412815769988
2128 50.8677099047761
2129 -31.63747833817407
2130 184.18101914482003
2131 33.03443848380726
2132 -38.644132200911656
2133 37.894604169871336
2134 173.5870739852371
2135 176.28121171331142
2136 101.44616733406124
2137 180.79357429149965
2138 94.70606538140244
2139 86.5213018747605
2140 174.63582158728485
2141 161.09628974855667
2142 125.3888085683138
2143 5.057015093373451
2144 185.73174049998926
2145 116.39404922318613
2146 187.23063128510142
2147 36.14876455469071
2148 -27.223615666685795
2149 183.89886631801724
2150 90.77060976881876
2151 111.31523457386578
2152 98.81924272687827
2153 131.81348213213633
2154 181.15200442897952
2155 146.41383589868278
2156 129.16705270686077
2157 32.985979665135254
2158 178.68251378951766
2159 110.14501364343194
2160 115.06857668740084
2161 179.3304357328913
2162 88.36472840614599
2163 172.94326163999813
2164 47.9916145381558
2165 166.1918649130257
2166 103.98399119239672
2167 96.99705213121277
2168 34.423707957836484
2169 176.94316346415536
2170 171.5940362326512
2171 58.667056296989934
2172 95.38468425933658
2173 106.37633922539774
2174 48.559366537190506
2175 42.82938584875532
2176 26.858857030295443
2177 49.835810379126094
2178 56.64603534334897
2179 118.82090871826308
2180 95.48322880369764
2181 103.8589068272289
2182 129.2415615163602
2183 134.13680937421677
2184 105.96857039240624
2185 -25.912840528932108
2186 87.78157333735454
2187 -14.144106669545796
2188 121.75089584649788
2189 79.46562525619441
2190 139.05368842834824
2191 31.843565361912496
2192 -100.02741589756559
2193 179.0679686578276
2194 -18.738055662414684
2195 57.92014930767984
2196 181.03021519084817
2197 118.96903498310638
2198 66.71792321449144
2199 70.4697657492645
2200 176.50009831303356
2201 85.9029645880529
2202 151.16832179325695
2203 98.46062201692138
2204 54.04455029843404
2205 81.33293783937309
2206 175.0423200259888
2207 167.02906011816034
2208 105.09137574219719
2209 99.8549601921571
2210 164.61026622444575
2211 33.38203914908692
2212 -107.2935209596896
2213 25.319450774693234
2214 -9.309020828197244
2215 55.600758081635284
2216 34.01813460170399
2217 33.056386041946226
2218 -18.106078161994958
2219 134.5836872817979
2220 113.24957769340307
2221 -52.05159021784721
2222 75.54953123758904
2223 179.7935982882871
2224 103.76869412771813
2225 118.11244767142676
2226 -23.209132217713467
2227 78.57286909664842
2228 27.85343932143163
2229 110.24072571133851
2230 99.80483568063082
2231 188.70771972993836
2232 32.09417422888272
2233 172.5593387305036
2234 102.076504619746
2235 57.57972973848352
2236 168.211111091651
2237 125.41119453832816
2238 48.01134053468067
2239 36.12913909934988
2240 181.60250913873173
2241 178.17139039184337
2242 161.7358407729911
2243 182.66158356811246
2244 120.39524524399823
2245 118.68375280365548
2246 180.1587114821843
2247 135.58988207113072
2248 110.82413484457177
2249 104.51977024760717
2250 109.36374629110529
2251 186.14571715430787
2252 36.84755253041534
2253 113.7612869780841
2254 37.22590361242965
2255 34.03561204226578
2256 141.77549135480757
2257 150.4633369100893
2258 188.66496776164072
2259 165.47646449924412
2260 134.46344968058324
2261 199.82722519599864
2262 119.9582082260445
2263 23.851632975294862
2264 78.80138121213156
2265 170.63669876793753
2266 30.022116295578712
2267 33.91667280619484
2268 187.16981056139662
2269 26.8179316591566
2270 51.26427511865302
2271 189.11546199665096
2272 114.52631170756975
2273 208.35766010280264
2274 100.91784841508775
2275 177.10454034909162
2276 116.41542773067515
2277 61.30707984705982
2278 27.685711519618824
2279 191.97393785533987
2280 197.22700175200043
2281 182.9345909150989
2282 105.29988553811717
2283 39.814812927644546
2284 191.7531846743713
2285 185.4095154364956
2286 113.43904249751226
2287 181.05713878469913
2288 114.39550131946551
2289 115.8074662081149
2290 82.2948715739764
2291 189.65434603210662
2292 37.78685653582632
2293 41.13739368772133
2294 103.36427595579234
2295 185.9779496249124
2296 159.61749381149758
2297 33.75815106682604
2298 133.1222720097758
2299 22.668117014287326
2300 137.660316469667
2301 56.785382767058735
2302 177.09621440797594
2303 -3.6444541310973833
2304 39.422045750120176
2305 113.6277599598416
2306 53.667171512480664
2307 205.1142356853308
2308 120.68827513278787
2309 107.2747695089782
2310 116.52279308141938
2311 113.0141631987888
2312 107.27079212024992
2313 66.71715244400283
2314 36.15494079039974
2315 120.41247503154273
2316 203.3169161815424
2317 202.4445761050681
2318 126.39369883772186
2319 54.074625307527064
2320 202.8954632800873
2321 147.2710815796664
2322 187.38455084761122
2323 -38.224493095627814
2324 177.10754793724573
2325 146.8998468234289
2326 115.12250663062927
2327 197.97439438017642
2328 121.58585466072132
2329 46.261667179173166
2330 164.87275807155277
2331 206.1129949860144
2332 -31.876995192771474
2333 188.0891061678406
2334 125.35798110081828
2335 63.3819581147589
2336 194.82734764250458
2337 123.9916955949678
2338 193.75108778394474
2339 40.913307561845656
2340 192.72787467363457
2341 120.61511670820349
2342 114.3778607800612
2343 -18.394109242382306
2344 122.48769245299415
2345 119.73933720831852
2346 61.11678316272469
2347 -30.781204371851246
2348 126.30265417757674
2349 205.82245440922304
2350 196.77137030566485
2351 130.68431767799518
2352 21.63353034686902
2353 121.05112550243223
2354 46.321524168497234
2355 47.622076704170226
2356 66.40563656584949
2357 100.44453345635267
2358 63.330053707078555
2359 115.01644124848706
2360 129.15160415193347
2361 -17.54455322421405
2362 25.810671173940566
2363 20.477539223995965
2364 108.04617430804886
2365 49.261121863463885
2366 126.91293525070401
2367 193.38924697126555
2368 182.01160189169426
2369 126.64637737804416
2370 91.31981238992742
2371 58.67477522524514
2372 183.19895062991432
2373 42.59088031038345
2374 33.83412332481703
2375 -32.22115993159436
2376 198.91662047669834
2377 200.01850840979785
2378 -45.34689678790219
2379 35.44177805158806
2380 94.05100756035233
2381 113.3592733634558
2382 201.60568704426163
2383 43.40814708071465
2384 204.00288674827556
2385 198.02238064181384
2386 196.96998973033172
2387 31.711398771582633
2388 196.42135765864853
2389 38.899971068125666
2390 113.5521588456227
2391 119.92043635517543
2392 123.08158606794599
2393 115.39173093365224
2394 207.8541894738143
2395 122.46588051214394
2396 -15.29335867328107
2397 158.3914042775524
2398 200.23760888254967
2399 117.11046565847671
2400 197.67698047972206
2401 112.09305033231185
2402 201.07663833121654
2403 121.65636712945609
2404 125.08295828324506
2405 115.9465321507162
2406 39.51871920745445
2407 126.80848259196878
2408 117.10534609487637
2409 123.06202901616038
2410 127.22122211346029
2411 119.89836142294232
2412 125.94595653864494
2413 109.95900989685386
2414 207.98732943215126
2415 87.41778352020859
2416 123.3415167039378
2417 191.91369673432484
2418 192.0032233443015
2419 -40.43181297343146
2420 216.25643075574982
2421 194.0564839237132
2422 125.19024147661061
2423 205.733046486491
2424 117.20815529913952
2425 38.6479632798992
2426 119.84314022811223
2427 207.01977769047443
2428 125.79912831933018
2429 115.44286056919893
2430 123.40913396047426
2431 204.07408081677835
2432 49.312969762496934
2433 131.11058937764633
2434 123.40078693502426
2435 130.2159139800517
2436 199.2687247570379
2437 210.20738654549308
2438 141.57615707956592
2439 199.3782079070408
2440 208.89556078015374
2441 -13.499848321343336
2442 148.2167901864803
2443 217.98810510547332
2444 208.0313821356312
2445 202.1477069730122
2446 54.28577500505666
2447 172.07456508915743
2448 139.90117567580023
2449 215.83059561567893
2450 149.96817387051132
2451 118.70952022415413
2452 135.2382635314073
2453 122.05338331243814
2454 63.69189036896809
2455 115.36649995302905
2456 128.68176895056754
2457 101.98597620212485
2458 132.1366970192155
2459 195.64868501504634
2460 215.5398230194019
2461 200.9252202821242
2462 212.20159297489062
2463 132.7802523073625
2464 133.16173355735634
2465 211.626211212486
2466 125.67008029767837
2467 -35.140220439545175
2468 158.05829286121173
2469 214.56190668092262
2470 205.3558986517304
2471 124.41355039226788
2472 169.0330032289225
2473 201.5086726254358
2474 91.29577136834197
2475 126.30941056231359
2476 130.3355789288554
2477 211.8188352752241
2478 219.41411004872106
2479 203.7308999065391
2480 156.5424184242434
2481 79.81972460533956
2482 215.32833461442976
2483 214.28444841066545
2484 71.19884695734316
2485 174.4757630472256
2486 220.92781614462052
2487 -58.56282646888805
2488 146.96841387959273
2489 181.26919262570715
2490 6.407895112727925
2491 140.30094123329314
2492 218.4202168434574
2493 144.0253343292186
2494 145.9356332303132
2495 213.20148517563376
2496 140.61116346608318
2497 123.0741260770254
2498 10.594066879917698
2499 129.37791669810548
2500 88.86492230324477
2501 172.4516200536958
2502 40.76673505653392
2503 191.93869944708013
2504 126.09772152062722
2505 104.39084051743428
2506 217.69408045217781
2507 129.1693874774769
2508 43.310529582073286
2509 133.32914689155945
2510 141.20197157944008
2511 86.34715531103824
2512 -29.380935376359766
2513 173.77153925060804
2514 153.1254823446353
2515 -7.860480581219477
2516 206.84445859331325
2517 218.7079123753188
2518 26.05437982259473
2519 149.9414564825046
2520 140.68757136645138
2521 187.91762493252318
2522 127.74977544035357
2523 210.20868154385667
2524 133.5475523280287
2525 168.86222036363026
2526 47.96916284685456
2527 63.29586420803144
2528 138.73543894960326
2529 -79.14180572602433
2530 156.3965640129453
2531 108.18843350740288
2532 87.70440797660714
2533 71.18710779699978
2534 219.74224478345673
2535 125.24272617961606
2536 169.02302581201369
2537 86.49971680601683
2538 216.03326813872496
2539 72.24663167860855
2540 73.69437364243389
2541 206.18907243203543
2542 203.01132462727244
2543 131.09983071336632
2544 128.08402691781907
2545 133.6225664425045
2546 173.62845322441603
2547 154.01627315542163
2548 193.42751507425976
2549 212.0786713773228
2550 159.3843346147458
2551 219.44332169611238
2552 144.86921761004254
2553 133.46460045347789
2554 49.30377122425379
2555 165.41307606052405
2556 165.89840025610084
2557 158.84274985010143
2558 3.014614400111425
2559 195.60155855046662
2560 215.542453512532
2561 220.0490576344182
2562 68.92215841049219
2563 218.2171888586572
2564 220.55247192189375
2565 174.40967398047525
2566 166.146455166688
2567 128.7568178018347
2568 224.73158317587357
2569 138.55316151463737
2570 217.6023417672791
2571 134.54323708033778
2572 215.86978631191465
2573 158.34008453535395
2574 225.86629237373717
2575 151.1685159316707
2576 139.62086575539178
2577 -30.917169308441686
2578 153.61844215410312
2579 221.90944519254873
2580 225.8962121771875
2581 135.55728340305433
2582 167.79666631706397
2583 223.7216365156533
2584 -11.039397634742016
2585 212.81544991224612
2586 144.66710883566427
2587 223.99348463981175
2588 104.91227949950813
2589 38.94125675142911
2590 225.88317771638106
2591 133.52398381705956
2592 212.14120042249795
2593 227.71835221935996
2594 209.33386024604238
2595 209.5546366369884
2596 231.9235326416237
2597 217.9053393974869
2598 197.46559787547244
2599 217.996111941167
2600 10.839606417555487
2601 161.0845840352941
2602 209.62399303202068
2603 93.97366839313725
2604 223.71304410143924
2605 148.3663837554726
2606 77.57229173743181
2607 213.53773202085912
2608 144.85627061035171
2609 209.1569228902788
2610 49.0266047011915
2611 140.86645098900374
2612 141.0968743080756
2613 220.36547117108336
2614 122.20043287782138
2615 169.5891345981173
2616 218.40835076912896
2617 145.7366814816018
2618 20.286501396359853
2619 208.73823627389189
2620 142.99664260822954
2621 110.23857495026118
2622 173.1673241685163
2623 135.7541420920101
2624 146.0036895899864
2625 222.90089345993707
2626 227.72154307529917
2627 215.07829967870933
2628 216.27248515535626
2629 141.33716093525078
2630 -45.437806177400375
2631 41.05241683534127
2632 149.69781961752548
2633 147.15752963638738
2634 130.2322561460204
2635 71.64003722403726
2636 139.92806949675997
2637 143.740192929465
2638 173.53910861170323
2639 71.85441896015342
2640 230.678000727893
2641 216.2365416616173
2642 175.61910308839464
2643 185.69056584105545
2644 142.31334314112488
2645 88.8610878313865
2646 222.93867464439302
2647 145.93553628515465
2648 121.29726764500515
2649 188.04037162361806
2650 150.3882442505827
2651 218.14557794814664
2652 226.03658879309472
2653 135.93952964569596
2654 141.69688573174318
2655 52.964987343594736
2656 226.92371435201136
2657 62.93188162485417
2658 219.74335005927594
2659 152.4342919567359
2660 164.82948251740572
2661 212.16108332284944
2662 219.56729933492187
2663 229.78334503879023
2664 71.78244631184481
2665 50.25001124570673
2666 182.4670853203718
2667 228.65053509610897
2668 2.7639303232612775
2669 146.53168728347123
2670 71.99348988155553
2671 215.07014822898168
2672 209.11366751804354
2673 185.9348172799732
2674 219.5518530961396
2675 140.7657537654579
2676 222.10065631650696
2677 49.63970740202191
2678 55.751007151599964
2679 103.10162856315449
2680 173.42040888550565
2681 225.55201957517176
2682 139.12247808011819
2683 136.3108351088991
2684 139.21315518670434
2685 218.29888257124367
2686 212.59374232286382
2687 228.24565272272577
2688 44.90679922068228
2689 89.01472051774198
2690 193.7048715211814
2691 212.1157593646945
2692 224.71410652029405
2693 159.19320656745117
2694 135.04855178247004
2695 137.07274405419204
2696 136.26793908632
2697 228.4257771457216
2698 129.54214191650553
2699 131.25863698104706
2700 182.91095291965732
2701 88.40895433650802
2702 227.2632692036924
2703 123.03155831016986
2704 107.84137120827052
2705 39.37242514414138
2706 -1.0411393647021772
2707 170.81865892860742
2708 221.32538916463847
2709 225.33246267555512
2710 137.29639957964372
2711 143.65550424634304
2712 121.36881148268901
2713 221.26087914335523
2714 208.66360144142834
2715 74.77930253849658
2716 82.62092090498982
2717 15.785444439098061
2718 205.0373265474074
2719 141.35078209193685
2720 161.4639939925588
2721 124.94568325907612
2722 186.39130826502137
2723 143.17708532321586
2724 221.29008523507864
2725 222.86349751719956
2726 208.64648496363884
2727 135.55210908374576
2728 91.56047052095425
2729 224.33088359635866
2730 226.24131453151284
2731 52.992155698977385
2732 185.4226811918054
2733 137.75208374440604
2734 136.3540896698202
2735 55.677570684608696
2736 227.10937853067583
2737 -47.213277220226516
2738 130.0192294489246
2739 170.34683722620085
2740 132.34020027811437
2741 219.9343571878074
2742 222.3029497316138
2743 155.46839538584385
2744 -114.12369609685041
2745 197.5703130667006
2746 132.81118941702567
2747 213.43479653526327
2748 57.323154082308974
2749 135.29959133883392
2750 222.69388721050757
2751 219.62418445248363
2752 167.30684429584784
2753 210.15697190151826
2754 51.119053526082524
2755 57.05149645281426
2756 121.77704115852586
2757 86.67887825746554
2758 174.08632872661954
2759 220.6096630615196
2760 173.0082558330465
2761 127.80521891902154
2762 216.99825308464528
2763 216.8442333156628
2764 219.5383919203646
2765 121.56131089803498
2766 133.5018762368451
2767 224.70775958330216
2768 72.9254158221546
2769 219.04328491482167
2770 102.62203008667316
2771 159.3916054930288
2772 217.25456667304528
2773 214.1373511813
2774 58.8544193076243
2775 136.4804957507979
2776 133.9464511844708
2777 163.51708274074005
2778 122.7624304451857
2779 225.44858978102323
2780 64.73128032188008
2781 136.33897745469378
2782 90.56854323479081
2783 155.70611684951604
2784 139.34531283939054
2785 224.55099686977962
2786 214.91394404238957
2787 212.73562192095568
2788 216.96577685675908
2789 217.5617958570723
2790 134.74825205849746
2791 212.35244275827876
2792 164.5022838043007
2793 125.5751170240341
2794 133.4010117809625
2795 226.2386344508305
2796 165.70189411384717
2797 25.848032612409888
2798 91.55944412082354
2799 172.73403704899468
2800 216.38587108947397
2801 135.62218969870233
2802 131.95893502252068
2803 203.935217972815
2804 169.58498238263553
2805 167.16281727342397
2806 227.37764010486018
2807 226.69857606287437
2808 224.55193559705123
2809 219.62753366120506
2810 141.32470444263936
2811 204.36517330035923
2812 221.65294059921598
2813 136.06286744061015
2814 216.24340296141025
2815 149.10329548992993
2816 204.9107683986278
2817 136.13599646384174
2818 210.57866964958328
2819 168.8877291591709
2820 203.13291480003514
2821 211.8880719318995
2822 96.53237527287796
2823 159.06309319397496
2824 78.85195646762969
2825 90.93145647079214
2826 224.20901200963942
2827 221.12772752350614
2828 224.85208046328725
2829 154.30257146594533
2830 13.208871584863704
2831 220.82200532422306
2832 185.688955071333
2833 84.67104812912967
2834 158.26029754125466
2835 228.59120606175884
2836 216.70802188053153
2837 224.58880123042778
2838 165.44429079797533
2839 32.37578431800465
2840 180.15970643959068
2841 141.81339905552085
2842 210.60882996961425
2843 221.41065063091352
2844 218.95582648770136
2845 84.74319354872482
2846 133.79591751366183
2847 126.88300669713192
2848 71.35101167866694
2849 188.548257499604
2850 225.17094960793526
2851 74.06877654147225
2852 45.97321790429871
2853 218.96194160564988
2854 137.87405318608353
2855 114.6638966738459
2856 119.32452682941205
2857 188.41687855446958
2858 185.6832872353421
2859 200.78646683655924
2860 103.92607939584367
2861 125.19814218343637
2862 165.22526810600283
2863 174.0490247766259
2864 227.19348624309026
2865 179.51861526006863
2866 67.26193393705444
2867 228.84068179565185
2868 124.16225583058042
2869 225.63372550119738
2870 80.38161913711949
2871 131.0927396676613
2872 -66.2206346715546
2873 143.26512549435532
2874 221.46481816112794
2875 210.99424534123625
2876 145.86017869455554
2877 150.03376818764784
2878 228.84244450882883
2879 104.43443282223629
2880 55.80676751937918
2881 127.01734368574196
2882 229.4580757816356
2883 146.5423820212311
2884 165.5747029438554
2885 -29.027290046938546
2886 172.27139843944389
2887 181.59368619620858
2888 133.3295314571891
2889 69.47280230873668
2890 108.21908837360452
2891 -25.99976760079852
2892 227.3868357282419
2893 148.96005242976528
2894 137.24710648932586
2895 218.43425063172555
2896 3.5163699658137304
2897 75.30662119781877
2898 60.941634239659464
2899 84.98002783007142
2900 186.33320439834614
2901 142.31283824974514
2902 87.63313348849256
2903 154.2082140496255
2904 102.33465862247422
2905 141.59233327554534
2906 85.28839780284449
2907 192.88299281190427
2908 54.31184940421596
2909 190.16723516238127
2910 233.09226389679435
2911 226.41266235597493
2912 69.44760973213945
2913 232.89142310184533
2914 222.7560340961657
2915 94.39796312737526
2916 232.63062043320897
2917 -33.59921075361254
2918 141.89943557593645
2919 140.2774225278329
2920 231.01865851447184
2921 229.59910471768433
2922 179.82663981843706
2923 86.70655402102105
2924 76.40135332319092
2925 105.42445454224057
2926 106.62924853911358
2927 73.79926381230632
2928 143.7820343802166
2929 32.885765770117125
2930 195.63361008477364
2931 76.62881225954321
2932 232.17131605564708
2933 234.60973317574073
2934 129.731347038997
2935 106.10287248546022
2936 137.94689595036624
2937 68.25531627685095
2938 75.3308297837336
2939 60.19759730836483
2940 148.746691501038
2941 -30.894865498074196
2942 9.41097987752438
2943 128.48173868973657
2944 144.81245768352085
2945 224.97661129076806
2946 186.81121825931513
2947 159.1818304255236
2948 61.14974374735105
2949 102.20932321905738
2950 104.32043226672133
2951 148.2266554245587
2952 139.47025361584465
2953 142.50666526874542
2954 158.45463456977933
2955 228.06849755603506
2956 133.46035877086686
2957 225.70526994872478
2958 229.88105300233184
2959 145.4859309895608
2960 56.364344958797695
2961 231.7685251184576
2962 -37.34507673725534
2963 143.29256697036112
2964 140.90345987562088
2965 133.15686579623073
2966 220.43585789251608
2967 -15.292891391787386
2968 139.19940197816368
2969 221.52217560712572
2970 230.876356379124
2971 58.42254313531299
2972 46.1839111957383
2973 49.47386756174125
2974 229.61653413301767
2975 87.34044240848206
2976 235.01650949935413
2977 224.12485246323138
2978 157.66511219565757
2979 233.72325486151468
2980 109.15776241867148
2981 181.08166243054234
2982 143.70301556846218
2983 231.8242086156004
2984 209.3039908263798
2985 136.97233810036155
2986 145.7433718227259
2987 146.29017684594444
2988 227.88740878328957
2989 159.37098373142194
2990 144.31051367287864
2991 194.59996602701455
2992 227.32018953276966
2993 146.14666716355424
2994 172.51846169409447
2995 134.7004543989046
2996 229.5798317435919
2997 139.59643955676924
2998 179.28558805082318
2999 183.5757013797555
3000 144.27504465192555
3001 132.25163916349845
3002 221.27506143745018
3003 149.46478203142573
3004 143.46449416731406
3005 145.4997668785462
3006 230.80064027492716
3007 218.91289841257856
3008 188.09284393412588
3009 188.77520529747008
3010 175.11794865505442
3011 99.76040539490539
3012 141.57771701409155
3013 177.20291604084957
3014 223.47408422467095
3015 226.24595208444384
3016 220.22266205813764
3017 172.72950802102807
3018 227.0102881108449
3019 139.34135995611672
3020 154.78238419247816
3021 175.77061194138415
3022 140.38426332742625
3023 122.5232708574173
3024 187.56273227167765
3025 139.41578706178672
3026 214.43530748278428
3027 56.44367091444692
3028 188.4597050657584
3029 60.00281387208308
3030 143.35459706839686
3031 134.2809026257023
3032 220.2083515026422
3033 163.0409653520755
3034 231.57361968469152
3035 226.3875835509033
3036 181.9875151216091
3037 56.57711474089928
3038 171.68931785321894
3039 221.01435278571336
3040 176.30914077415468
3041 190.58516835464678
3042 187.05736716836674
3043 146.5876149406256
3044 137.1901671403927
3045 228.19542579474918
3046 223.54291205176412
3047 144.5768420826524
3048 231.92781866513457
3049 227.5084407440919
3050 133.71501122608035
3051 154.59632266589472
3052 148.52857430644752
3053 232.02729644726944
3054 163.18423880683272
3055 225.8093815803366
3056 187.1502935322709
3057 19.961656960589483
3058 227.40983041625452
3059 147.02931298670512
3060 142.87196871786514
3061 229.13671248206305
3062 227.83422202870798
3063 224.4896176381667
3064 74.67108099382742
3065 223.40997069236417
3066 229.88666021894895
3067 230.18142495531063
3068 234.83282611053139
3069 230.2367389194123
3070 90.94070051239802
3071 234.75219506995205
3072 228.55763482751547
3073 117.40093438468453
3074 147.35951022084492
3075 233.07706502445305
3076 147.80109701247153
3077 227.27926547130818
3078 63.94511329876305
3079 236.6872796564923
3080 169.6597857577169
3081 127.41098553495412
3082 234.08497021164354
3083 233.76510217178705
3084 14.667133569166511
3085 237.69955518432766
3086 171.61839681647453
3087 235.5112058101273
3088 160.4097168782684
3089 140.57125750451425
3090 171.779723467262
3091 174.75447100279013
3092 153.88202786887265
3093 55.22685186240432
3094 138.92647651195307
3095 229.01507647984582
3096 143.9621546202336
3097 148.2602009901412
3098 232.42235563758987
3099 225.98970908122192
3100 96.33119826095424
3101 145.8936533524017
3102 36.312924166199814
3103 197.80261011469736
3104 160.42058477449586
3105 0.8599135479331004
3106 150.51410364325312
3107 67.2006551436096
3108 235.3127868690092
3109 97.0019284137385
3110 34.571949330251485
3111 161.28337147362015
3112 219.27512961796808
3113 108.43257158988028
3114 234.13535432606423
3115 184.6981349677976
3116 195.93969490123615
3117 234.60837535930048
3118 117.36483622668928
3119 64.48597431906714
3120 131.25926537519754
3121 84.35350686844437
3122 235.79226179688015
3123 55.60461848528233
3124 228.7584909825248
3125 187.85864925941976
3126 113.49208359246498
3127 233.4641230973221
3128 188.5077139832689
3129 154.22660182613782
3130 7.741970717987357
3131 70.53458890955474
3132 236.01433931633673
3133 144.36495972149555
3134 95.46866875516201
3135 169.28340458912027
3136 163.32615159992437
3137 231.46495754104836
3138 154.81291431649402
3139 232.5238246887264
3140 227.20526820905536
3141 226.97765708223307
3142 225.12495409008935
3143 56.67883233976549
3144 229.02484981876222
3145 140.57152939625314
3146 226.74949253731825
3147 56.374178815119265
3148 74.80554852506424
3149 228.30550899145845
3150 174.99665042078215
3151 142.78157442348106
3152 148.2016280352737
3153 228.5449328856173
3154 230.3066902378869
3155 142.38141966031674
3156 134.9801511470129
3157 229.69392731887905
3158 226.77931834322365
3159 228.17352252924798
3160 223.85433459925574
3161 144.51599597795445
3162 217.03192694420335
3163 146.4799252862533
3164 227.65016772850197
3165 189.74819505181037
3166 216.7865326442248
3167 182.7234587385833
3168 176.33239425263457
3169 232.11984006493753
3170 221.63596098879583
3171 58.14348798000144
3172 231.1005598700745
3173 228.65757228531146
3174 229.85302251660633
3175 227.7727060597846
3176 218.10215189212389
3177 143.11356735549708
3178 220.1346184026164
3179 219.031963718922
3180 220.96497321134308
3181 157.871802879489
3182 229.7420831262345
3183 223.33045699570386
3184 230.47502623338016
3185 214.40726606509412
3186 227.11421409186192
3187 228.59928254963458
3188 227.46556137238088
3189 224.06223244225714
3190 222.97490692326318
3191 50.86081011971147
3192 224.59502545293014
3193 138.3958281565575
3194 218.30234903705383
3195 226.33985018844385
3196 139.12969700515794
3197 222.32060515838407
3198 223.73708660375218
3199 162.03332481328397
3200 218.3991600250476
3201 221.9706206801175
3202 56.299501717726855
3203 216.60259271025689
3204 129.49685032425447
3205 221.95099165764037
3206 139.7387385570368
3207 133.5253086121773
3208 229.72489963087997
3209 216.0837910741828
3210 231.11847638658665
3211 229.18435361609372
3212 139.2352388322055
3213 225.27022704721162
3214 226.61801722428976
3215 217.37726744319497
3216 229.46024398729048
3217 133.72305777301855
3218 52.707725015478346
3219 220.54406975520664
3220 220.80928205030426
3221 224.0852193570834
3222 219.97896812593152
3223 56.19522703753783
3224 225.76565872982388
3225 129.51129341342468
3226 228.707001185485
3227 217.59649415421933
3228 221.10558327912287
3229 144.92309409196923
3230 229.45628603688516
3231 214.5392843284073
3232 229.1090044055041
3233 225.29333244134142
3234 164.98326880242922
3235 155.0755941928729
3236 127.28502162517682
3237 234.61492855515513
3238 225.00363474314193
3239 201.16027262462393
3240 230.1709050506499
3241 224.11067401006665
3242 178.12337105162612
3243 227.60596867993192
3244 221.23186699622354
3245 174.28529055385476
3246 59.200326792967104
3247 166.28184351166288
3248 228.55258705549903
3249 146.93379530013243
3250 76.68009566640495
3251 135.71224358068625
3252 160.04433017229272
3253 219.01230066767164
3254 227.1104082212603
3255 223.36067829603326
3256 144.0634681361212
3257 141.31155176467166
3258 78.16213339597653
3259 134.97407446716244
3260 226.6314821607419
3261 225.6650557882629
3262 230.4566666711233
3263 223.69106866087685
3264 229.35109053403744
3265 100.95924886047072
3266 96.52576373290192
3267 141.4195127583132
3268 168.10286107733114
3269 228.67888934035952
3270 216.6051415039524
3271 167.60387141524347
3272 220.1612263816953
3273 170.94852925474441
3274 183.6289670217824
3275 233.25937382721713
3276 232.09305060807833
3277 225.09075964011512
3278 229.52147222623827
3279 104.742138049817
3280 96.49270314286649
3281 149.86168454124902
3282 142.21336586645708
3283 23.74238390540393
3284 236.77219040179656
3285 146.43926911322708
3286 224.21357309424053
3287 138.2514226240818
3288 221.15565015654593
3289 21.62368763715184
3290 233.08315621899982
3291 232.50178625999126
3292 231.93391967878352
3293 33.10261623675824
3294 206.96438783688143
3295 172.77592477013044
3296 230.71091544502752
3297 159.17959782938766
3298 234.75243233929373
3299 187.12974402211358
3300 237.27866312703628
3301 231.62930337874838
3302 151.08124045726532
3303 70.50424751017134
3304 158.2087826421613
3305 83.54358280578982
3306 111.1245513672372
3307 142.40207576410643
3308 147.0927294540756
3309 192.076863635291
3310 140.94894403534522
3311 142.59442212289585
3312 146.72308199341393
3313 149.64974404833447
3314 141.06678582047343
3315 149.7985932079162
3316 144.73749403910182
3317 233.82646655272504
3318 234.91811526524384
3319 156.06084626487484
3320 143.4732684025592
3321 234.0343304467246
3322 224.170185889403
3323 232.51897881917125
3324 204.99578590395782
3325 230.2388686217917
3326 233.9710028382732
3327 79.21773696269389
3328 92.28600026382891
3329 226.62775638045943
3330 116.30876855765592
3331 189.5880384104958
3332 233.17680941056955
3333 230.08063003110837
3334 149.47879411501668
3335 234.63653217352754
3336 222.6897374997173
3337 225.89562733917742
3338 230.0744447010605
3339 223.98604098182767
3340 230.49481468880674
3341 237.1056514683611
3342 229.81197604617597
3343 142.56854993013448
3344 73.44263036806524
3345 236.86855531707712
3346 235.95890693089177
3347 228.0121606112667
3348 231.20988735333083
3349 193.8459375252803
3350 238.40864916245675
3351 122.2165937052734
3352 238.06330237471263
3353 238.5561957536307
3354 197.89174439333036
3355 170.97187572578991
3356 147.02366009878057
3357 164.78755128769578
3358 67.37057776370068
3359 200.64940175543336
3360 190.2034632589477
3361 228.69938767092907
3362 70.25362982100665
3363 146.79016877573525
3364 142.54482078313146
3365 225.90113881955435
3366 146.1453713384331
3367 142.62050242169528
3368 112.13242977114145
3369 183.68667340252017
3370 218.01169407225225
3371 146.29161434776614
3372 232.74550546858535
3373 143.27977416348332
3374 133.18306269265537
3375 232.3234616133704
3376 140.12110403931712
3377 140.24931394234375
3378 110.48571843236635
3379 135.26881767830713
3380 173.12882456112249
3381 226.6023434557663
3382 134.17446461045787
3383 234.09436605582988
3384 174.71980829975035
3385 138.99769727700712
3386 199.60758302686736
3387 225.831963562024
3388 233.62824770094034
3389 232.39469066847983
3390 146.08161722458667
3391 228.96724687749423
3392 219.79554719667647
3393 224.29402855102157
3394 226.50245026787138
3395 147.76869597404715
3396 233.22138938652938
3397 147.18986405071692
3398 234.0985170914085
3399 141.6426725574929
3400 162.16900307943342
3401 93.20817914297646
3402 49.46598709226322
3403 144.09059041970852
3404 44.899660833968
3405 144.56643459066404
3406 148.83276243514223
3407 140.54539254962557
3408 95.52433753129527
3409 8.608316642314882
3410 228.45523916512275
3411 188.8499779601024
3412 177.71964761252778
3413 186.52789967920737
3414 55.16603104301324
3415 234.56682701401706
3416 155.50868078859335
3417 53.52851135833359
3418 155.5553905808357
3419 66.06066433376337
3420 146.9445181437279
3421 159.16061348670672
3422 174.61358227645428
3423 -0.5627887139875369
3424 136.53770785798858
3425 -25.897609130344833
3426 178.97880569153463
3427 -18.714489375885126
3428 56.437329799989996
3429 128.85245188541074
3430 178.61012969019822
3431 194.24724256437997
3432 185.24850000370805
3433 112.30052877237057
3434 230.23192407365792
3435 146.02345312248883
3436 170.39583365834903
3437 140.81330292687224
3438 229.97140447062918
3439 229.33228141246673
3440 45.210301689466604
3441 173.21305748802683
3442 92.3767781406712
3443 192.97151608866403
3444 140.23685068164735
3445 234.06342195608948
3446 232.24063530078638
3447 58.574653921897344
3448 144.76026854656095
3449 146.14645006252593
3450 -1.9889303375230352
3451 60.47635643772314
3452 169.4685374124311
3453 232.51393335492614
3454 89.18371125523512
3455 151.63498466794996
3456 59.80847723712755
3457 135.6553237354625
3458 146.66109879996208
3459 153.68925516731989
3460 59.71611675371135
3461 -24.266534783411633
3462 112.75195169887877
3463 188.78448924596265
3464 -6.270383138155587
3465 186.52790697347186
3466 233.65232886945842
3467 74.55293125791783
3468 131.35263676790348
3469 72.48169051397095
3470 -15.654063553074693
3471 153.39471342681873
3472 138.19522303428872
3473 50.05962683047552
3474 131.71026318830653
3475 46.56079432266222
3476 25.21339224461449
3477 155.915559442707
3478 52.161100633590316
3479 54.68036659860051
3480 53.43333439479115
3481 105.39880165742167
3482 138.19901183275582
3483 140.22930504314508
3484 22.39842461942787
3485 -104.48766522317489
3486 40.57166874562404
3487 69.62153341244695
3488 -94.4787762800654
3489 136.6174632407841
3490 56.89048088609721
3491 154.36357278322845
3492 42.56201656848221
3493 183.0012319535807
3494 63.95876112027171
3495 137.94952722257358
3496 226.66804718857708
3497 139.24052010963237
3498 152.89686013197027
3499 131.5682096153667
3500 70.25298743781913
3501 151.07595707771867
3502 134.49491199950765
3503 128.31114173052165
3504 128.2205328919812
3505 143.48387032491837
3506 74.66095779996365
3507 134.90846772253806
3508 136.4995084933002
3509 146.78301872852816
3510 16.625604194050027
3511 -37.60342526895601
3512 133.17700274621816
3513 93.39323832710225
3514 222.15931107791866
3515 145.20498027808966
3516 -8.536612995831447
3517 214.8461290516841
3518 134.8585178135242
3519 74.75703246672498
3520 49.07458420749924
3521 128.56422461957516
3522 218.40408003338285
3523 219.3545630008083
3524 221.88484987146663
3525 -35.264671232556
3526 38.08865383701537
3527 131.405504359457
3528 220.4093585502898
3529 124.6905580026414
3530 217.36271743909515
3531 46.422678064658754
3532 158.09689338656295
3533 46.69827722358424
3534 207.20317080245349
3535 230.6065712860692
3536 94.82984381788239
3537 139.06956247875715
3538 141.1982665081415
3539 213.10074059058257
3540 152.6811410014932
3541 100.18016603382954
3542 215.17742792364317
3543 -16.15516968579947
3544 135.73940094647136
3545 131.74424188984028
3546 135.2282212378381
3547 49.518506758495064
3548 130.08938282923276
3549 226.28666364750606
3550 207.68856002813095
3551 225.14129815578414
3552 225.45890247601454
3553 136.5032269891688
3554 138.51235208150962
3555 137.8167091513757
3556 191.8035085233931
3557 132.79973372410484
3558 59.05634271217182
3559 47.27444498843108
3560 173.34817748263242
3561 56.72351562862828
3562 199.8331278774648
3563 107.30441079489171
3564 222.5656106882019
3565 72.66724005023745
3566 173.2510602249767
3567 51.190497441125245
3568 135.80088758293212
3569 217.39341371480964
3570 144.795663420869
3571 163.1736921071267
3572 217.0163769899633
3573 216.585725946644
3574 231.53399094540964
3575 137.582517723185
3576 51.20622441404825
3577 51.1644644370675
3578 145.84876332091028
3579 141.4761178781941
3580 172.8966750314009
3581 139.52180638746265
3582 58.614830096981166
3583 137.31368193591868
3584 141.70425711652527
3585 222.31378872088976
3586 44.615974325460684
3587 208.80714935851546
3588 165.39789740254867
3589 116.40327923348747
3590 231.1527517728773
3591 -3.8190085143749606
3592 56.446089450408394
3593 68.1319773414942
3594 103.75362517193238
3595 101.91815365517854
3596 51.18077315228928
3597 120.76937399457316
3598 72.96550817946357
3599 54.023205891387676
3600 162.1248172826871
3601 -82.45415247554968
3602 229.75177774276924
3603 105.93712840695072
3604 -28.033892871339013
3605 28.991276498271
3606 61.441995399154706
3607 60.68506362891149
3608 137.22701806452528
3609 147.79083397779038
3610 77.15555040246511
3611 51.64469926979359
3612 175.76372215322607
3613 142.92592203923653
3614 64.26195382780827
3615 176.42694236164306
3616 167.26097090986835
3617 184.03138021447552
3618 53.055378144794446
3619 229.67655982465146
3620 68.16153717692086
3621 222.94971952598786
3622 27.121392522683678
3623 52.802747231836896
3624 70.2336546455198
3625 68.0617476282141
3626 162.98618273630177
3627 216.77583066727036
3628 212.93631223592257
3629 87.97578507551185
3630 80.60544368125932
3631 137.48463945036582
3632 203.91091739516565
3633 209.36246409927315
3634 130.04692381009957
3635 46.98592494125926
3636 219.31967123335988
3637 54.725219798672015
3638 233.72250477077142
3639 224.2717417342821
3640 171.17709095061986
3641 61.12951597744568
3642 213.9602425316097
3643 136.97928058702917
3644 52.449717668138284
3645 153.0138626274954
3646 -32.96313209730278
3647 -31.860018830788164
3648 -28.74388110423942
3649 61.61319486125261
3650 -32.937418479538366
3651 131.35556085973
3652 -31.31364248890351
3653 219.36425550695412
3654 135.89164674553507
3655 3.295233629705841
3656 -76.89728344840711
3657 136.20616054295562
3658 44.60374756613668
3659 -8.50218458451036
3660 -27.69840644552807
3661 207.94936426502386
3662 131.46861245004845
3663 215.15413348372124
3664 97.27378664893827
3665 133.83028677003242
3666 -30.011430587977166
3667 126.28340286150511
3668 135.65072437878385
3669 45.2457331671249
3670 127.06925958529096
3671 -36.89578359839646
3672 53.90633525645919
3673 12.62290848207629
3674 215.95471398876373
3675 212.77955872562168
3676 102.35196049101509
3677 85.66153761074875
3678 -38.20160905122773
3679 51.31396329218491
3680 131.66594414765356
3681 54.99551284362019
3682 55.49184834368185
3683 55.56542449358306
3684 203.63304318294843
3685 215.56012632793312
3686 134.2353692152098
3687 227.35247259761638
3688 217.89915183397025
3689 -25.946985591985293
3690 133.41759511209278
3691 53.26291896767741
3692 52.998792455361674
3693 70.4195914523232
3694 -26.311095127200417
3695 48.67665665159777
3696 210.22401914644837
3697 59.887474858245334
3698 124.58277569561884
3699 141.89974007565348
3700 207.36957446185653
3701 206.40489285895197
3702 216.38009547942085
3703 135.62373033404475
3704 214.0427199999994
3705 132.70137461321752
3706 215.183195971346
3707 229.01021200429275
3708 142.17216694677495
3709 144.09605346562216
3710 215.57508088688644
3711 -82.82016903099635
3712 59.99690289204301
3713 228.3866344164473
3714 220.81113291232577
3715 160.53474211435747
3716 180.35235604000184
3717 59.106740436417965
3718 139.66095784616329
3719 143.53654671031455
3720 137.77492009084003
3721 208.6380954330312
3722 128.18592683483163
3723 140.70947553201873
3724 223.89398127100736
3725 174.03519906877068
3726 50.940512149908564
3727 -27.936490417505304
3728 228.8609153255311
3729 221.2741607446796
3730 142.97080077293188
3731 132.69907233917291
3732 50.963737205747194
3733 217.5332957870957
3734 219.31163352364393
3735 135.04161993794378
3736 219.5340705179288
3737 224.0528171657735
3738 222.71755749688327
3739 218.02580662164044
3740 225.21424619502727
3741 222.26172243955077
3742 135.7890431102944
3743 227.1211612434097
3744 226.04676260532543
3745 139.95300586187915
3746 137.0569120568428
3747 226.52742224548467
3748 56.8456831288097
3749 214.6682961924062
3750 146.3170831827175
3751 213.51485201771604
3752 229.18982248626276
3753 48.831252177257085
3754 142.66952403222177
3755 220.6587289664028
3756 155.49001655607998
3757 162.27532178792882
3758 225.7790415533899
3759 228.9100667551172
3760 227.51041709895708
3761 84.18472935550938
3762 138.67342295073374
3763 87.67659791614895
3764 141.31462788047642
3765 227.9023122367511
3766 145.9082454764045
3767 127.09552776205547
3768 196.0649527444836
3769 195.67934529400793
3770 229.28176191942796
3771 146.18255384194475
3772 229.7908019461073
3773 145.71814763490949
3774 230.5642075085733
3775 231.80249981498048
3776 230.4912513649411
3777 180.97486423044307
3778 167.09760670243872
3779 95.13635948190293
3780 57.44045538952541
3781 141.80160158370745
3782 149.90996508217648
3783 27.11790103157049
3784 225.82208272991357
3785 224.8151687812676
3786 149.8020408430753
3787 151.58438535979792
3788 229.21394840337055
3789 229.99006962717385
3790 -21.140146345643803
3791 94.89508278451781
3792 227.2108513190903
3793 231.27931521520827
3794 144.71423433797506
3795 138.10235178596434
3796 228.71646590899007
3797 140.84073275256125
3798 138.50415134672755
3799 75.27984986968245
3800 233.36096379340003
3801 146.88210156144652
3802 139.7793365132973
3803 146.84809951959113
3804 151.80531204099486
3805 63.724444879034365
3806 147.59455891394333
3807 197.19912361157589
3808 -14.474089564124753
3809 131.93114620329283
3810 139.61618681593532
3811 225.90028477183603
3812 223.11660783284745
3813 188.24569943984494
3814 140.55596656638647
3815 170.02647896179616
3816 177.17521426777915
3817 170.48637506075994
3818 228.90233431732483
3819 137.37489876127972
3820 144.51282017115193
3821 138.5811261913131
3822 224.51029423886038
3823 64.6433851185146
3824 228.9009174899721
3825 235.43287574125722
3826 236.2300274690191
3827 134.42196162157256
3828 60.706848363813
3829 223.22965940941168
3830 233.95310788810423
3831 235.70764434499105
3832 225.76102578213
3833 59.65954697928839
3834 115.37048125296128
3835 66.92539110840715
3836 229.7562708615476
3837 235.25934685678996
3838 137.05065651899994
3839 232.55825699946394
3840 231.2763150713976
3841 144.84707233728955
3842 230.43715361640147
3843 234.6102915300009
3844 236.6873563065338
3845 154.85788051127628
3846 146.89632329469174
3847 147.5437991168859
3848 238.26691177796772
3849 -28.53003806427867
3850 239.59434373506548
3851 239.99312779773163
3852 149.46828512639564
3853 153.8674412480729
3854 233.49670646073122
3855 237.2336015756254
3856 141.9929806112855
3857 230.94103048477893
3858 238.5626187252461
3859 178.88977362774438
3860 238.84060137612542
3861 161.3526557259516
3862 235.3378398570859
3863 235.07097772173614
3864 235.66802819108415
3865 151.8579466745855
3866 234.21984857520334
3867 196.28396443064122
3868 232.56508193353343
3869 199.21227569057666
3870 231.10349453756305
3871 225.9102046521259
3872 235.51132660617054
3873 205.3173721567709
3874 176.94068483208756
3875 165.9919201323708
3876 233.88205887807717
3877 233.2906094517984
3878 218.79291376196483
3879 234.4153409502964
3880 234.5503995093987
3881 227.31130570585418
3882 237.69712647924416
3883 147.4004754738691
3884 231.29735132884701
3885 233.86272525025205
3886 228.04946779377013
3887 236.15572829759304
3888 170.56779372430282
3889 234.61893794378202
3890 236.29420811603387
3891 234.96186997075904
3892 236.1707826570314
3893 235.74562639905002
3894 237.09981109236816
3895 227.69203838003273
3896 234.5198857879339
3897 129.3531564329096
3898 63.27069989759056
3899 146.6212687907821
3900 160.74033259696807
3901 67.74349026552724
3902 57.85935305777113
3903 235.7774967294737
3904 150.67283709231842
3905 148.4138151541728
3906 228.29461920283987
3907 186.1451517687415
3908 238.64921767087526
3909 236.46705130501755
3910 231.70365655707565
3911 234.27358176645822
3912 240.05169076351098
3913 127.15494301678424
3914 233.78886676157745
3915 240.19013485492925
3916 235.27884901047386
3917 236.46226407592587
3918 235.84226738545885
3919 82.89861747662087
3920 235.83240532220685
3921 161.3579302992622
3922 58.67213773121171
3923 238.94268949204667
3924 230.57914696548596
3925 154.5655576037896
3926 232.26997699858262
3927 227.40126581445534
3928 237.15496416544153
3929 7.940473209116906
3930 150.59303578347522
3931 101.58054122285964
3932 234.0965240051082
3933 237.46221899282358
3934 241.11614461961898
3935 148.01749773658074
3936 162.09052235932026
3937 233.58039036714166
3938 237.2074157497999
3939 239.50039197623448
3940 152.84698979504157
3941 198.77577043523235
3942 240.70834728012355
3943 230.40402065025748
3944 199.93215929652754
3945 238.39631834247274
3946 203.506909363023
3947 157.9661142594673
3948 157.6492237626646
3949 150.23918634180228
3950 234.67086220573677
3951 209.46380165242837
3952 156.6158070356849
3953 237.83119332175733
3954 232.99735798942982
3955 175.45653931001945
3956 237.85229406015836
3957 150.77878176921746
3958 231.43255949916113
3959 236.43664181073848
3960 238.3134273985744
3961 234.49666756203555
3962 146.84726851874464
3963 141.1254246494351
3964 239.69086363414362
3965 235.8441854328387
3966 147.5126528097315
3967 237.5323687526582
3968 145.33016630089048
3969 235.5800657069076
3970 239.42200880193644
3971 238.9020140544677
3972 237.64399467410223
3973 240.3447859769493
3974 239.74922352022088
3975 239.09343701609532
3976 240.34261861886688
3977 151.9872114257123
3978 152.55507666266908
3979 182.5304253243565
3980 169.0806528931786
3981 242.02842062199983
3982 234.96277790090983
3983 151.3965544446604
3984 183.90676351114377
3985 239.101049696406
3986 241.0353932865276
3987 151.27021621133355
3988 77.48174241293655
3989 155.07309237369023
3990 162.7262406481512
3991 184.67892674521246
3992 194.04967736178418
3993 238.70470011450146
3994 181.38909037747527
3995 238.16478665831372
3996 240.166903408751
3997 66.71271876011492
3998 163.0437055057464
3999 241.37113209390824
4000 187.8794981418657
4001 93.69376121687019
4002 238.83811108853615
4003 238.39939524525386
4004 150.92446875350922
4005 239.68876684522132
4006 80.11431948562895
4007 236.5447242102342
4008 236.76856758706907
4009 238.16608604233585
4010 141.52135002189436
4011 155.0620602610898
4012 194.2100405543887
4013 62.72024308392403
4014 150.64830960722082
4015 244.61020849636395
4016 123.82602899758581
4017 237.86495794205211
4018 155.93928844029642
4019 147.26226033685464
4020 58.18171077342299
4021 47.20300929787584
4022 242.99309311027292
4023 199.8785598812794
4024 195.654311723611
4025 99.89208696632441
4026 86.15142371110075
4027 238.2745561532763
4028 171.0423683453419
4029 146.79900965989845
4030 187.40706853829448
4031 241.69519077366698
4032 157.69379408708
4033 238.78580153175886
4034 166.26396141414654
4035 41.78148866542287
4036 151.50697851959413
4037 241.63005318926628
4038 124.35150400861228
4039 186.34896484621936
4040 170.14378027147268
4041 241.6611932698637
4042 157.67339173754226
4043 117.64175624045276
4044 243.36470180362835
4045 206.66073990629116
4046 238.2773843247063
4047 157.1451229198387
4048 239.81181638135837
4049 241.34702677987605
4050 241.25063951189287
4051 174.95713568675922
4052 102.41453077840059
4053 240.91905322377661
4054 153.08473276010116
4055 170.18679723639133
4056 171.11917521185464
4057 243.71707816468705
4058 19.68427671436562
4059 152.97302251952823
4060 43.33315418819555
4061 20.78433519592633
4062 236.91491731463606
4063 245.52320589449192
4064 155.01465006886872
4065 107.09416878588154
4066 144.10769084936112
4067 123.524642234934
4068 248.07576885342985
4069 111.88610575007337
4070 153.16204367812986
4071 11.17588020455495
4072 133.08345028723573
4073 243.9792943720243
4074 171.31192022842725
4075 164.0533417585467
4076 96.96462733616835
4077 71.10482942369254
4078 154.14624700191104
4079 197.47508594967022
4080 168.9591791738515
4081 62.45491082797882
4082 194.61414440515267
4083 -15.771396902160253
4084 153.13393150085426
4085 79.54481610172441
4086 58.453568340068514
4087 190.12948570400476
4088 240.63256919830894
4089 153.44078506863255
4090 68.92097895193518
4091 210.23318057650837
4092 211.72208238203697
4093 105.667370489917
4094 246.15093110358077
4095 -12.132176174804268
4096 206.77894706482454
4097 153.9517063347804
4098 242.2305750115495
4099 156.74676305907838
4100 244.08159021168433
4101 243.0373284597091
4102 240.72451612207897
4103 139.49594128557072
4104 178.44285184202963
4105 153.09844648333706
4106 241.34046201597727
4107 249.48250834276448
4108 -17.56575891082655
4109 154.20953866150353
4110 153.60808823750756
4111 195.06771715131245
4112 158.0377592398718
4113 74.70776490345364
4114 86.74877298185447
4115 156.93350195560328
4116 4.468109778464154
4117 95.85268537621134
4118 115.08720009825252
4119 159.18848409628416
4120 79.42728795044323
4121 196.68877020825514
4122 2.5634269148941655
4123 156.94414930702789
4124 241.9075258473381
4125 240.8442619191051
4126 238.79373393272886
4127 -4.855318651904211
4128 192.01783993385058
4129 244.2420904335943
4130 156.99671955251924
4131 246.9324493154679
4132 156.31686361052886
4133 245.58502794585655
4134 175.23312546406683
4135 152.30938958040824
4136 122.64569905302798
4137 157.43579626670572
4138 240.02412481146598
4139 199.88801520472146
4140 243.50642316710653
4141 112.55920670321304
4142 244.85305701606393
4143 244.99340814291577
4144 114.11589655512539
4145 87.53958807143661
4146 137.91094479069406
4147 158.44690093439073
4148 214.17912201637273
4149 249.2975820206574
4150 102.01733842832238
4151 185.76192096595977
4152 159.92954651628418
4153 112.39211975917823
4154 247.11002885060276
4155 213.16992926311462
4156 185.86888053490065
4157 219.27791358958353
4158 233.69355447631762
4159 165.7702951291815
4160 244.01638824470663
4161 213.78799063122102
4162 158.93688117220563
4163 246.71325362919376
4164 239.10037779349787
4165 206.05957810060522
4166 164.22848936979943
4167 192.4762381990164
4168 245.38283822704454
4169 155.9531026150755
4170 137.2360771710843
4171 88.70965138982933
4172 217.62862141701564
4173 179.05450323626957
4174 157.65949210122056
4175 209.94140593053004
4176 240.77612880681795
4177 244.5297716740236
4178 157.36725833126883
4179 244.8583156338919
4180 66.3376069820371
4181 160.21461647102436
4182 244.99989660791988
4183 65.64946572990915
4184 209.7252616174634
4185 159.29732960920626
4186 54.19566681911918
4187 247.48687333231493
4188 32.17078915352941
4189 152.54407151837705
4190 102.44601570828351
4191 186.31268278443486
4192 117.53266018612186
4193 241.53830624062365
4194 246.77374737569315
4195 166.96062941583614
4196 185.6336234599603
4197 124.98211677811153
4198 244.9125856742553
4199 162.53830390635625
4200 170.32251043453311
4201 206.3580725757321
4202 195.39583400337085
4203 247.1292818299549
4204 211.26741253088147
4205 171.100109308364
4206 193.93638837644642
4207 244.98306345452568
4208 246.54859269587726
4209 76.0831008653605
4210 185.2930709834496
4211 167.61028717084292
4212 248.1441804203743
4213 180.461801423407
4214 122.6481532230172
4215 119.77498176071667
4216 245.3349328018949
4217 157.4411474829085
4218 152.99777337259036
4219 249.16997509367468
4220 122.0980454593937
4221 245.38830235753252
4222 181.54924816879503
4223 66.21980492273127
4224 156.54155103335916
4225 207.03188500448798
4226 179.1286747991275
4227 249.04138047791264
4228 152.73929716908356
4229 247.38836458540783
4230 181.27935816512706
4231 152.08805017077145
4232 174.83336733737386
4233 246.57232911327685
4234 131.66025126961154
4235 161.40022545151146
4236 248.0501635483986
4237 245.84318389241275
4238 246.4645195413078
4239 184.47568163825724
4240 167.29285488853105
4241 245.1809134331077
4242 127.87885264766292
4243 248.15435972306148
4244 201.82805261056106
4245 96.88063534525905
4246 246.9374800419729
4247 211.62266701217186
4248 144.5909686315809
4249 247.1424011023825
4250 152.4256357602314
4251 245.58158978717944
4252 144.39096627414645
4253 246.95765266187237
4254 245.74832657309557
4255 208.9676925901353
4256 154.35557175874754
4257 201.8593027495512
4258 158.76776664887677
4259 154.88145372914042
4260 204.47388675263127
4261 195.839801743824
4262 49.762645281735644
4263 166.66142737844413
